4179 4190
4192 4317
4407 4529
5224 5379
7205 7352
7619 7751
28882 28883
28890 28891
28901 28902
28944 28945
28947 28947
28952 28952
28956 28956
28961 28961
29368 29369
29372 29372
30267 30277
30279 30282
30284 30324
31249 31303
31405 31430
32551 32560
32561 32590
32592 32651
32653 32671
32673 32674
32676 32682
32862 32966
33000 33001
33008 33008
33026 33027
33029 33029
33031 33031
33036 33036
33043 33044
33046 33049
33051 33182
33332 33398
33437 33453
33460 33462
33564 33587
33592 33593
33595 33597
33600 33610
33615 33616
33618 33625
33660 33731
33767 33829
33952 33953
33955 33955
33971 33973
33977 33978
33982 33986
33988 33992
33994 33995
34014 34021
34023 34036
34086 34110
34145 34168
34212 34239
34240 34245
34497 34528
34730 34780
34858 34890
35009 35027
35028 35036
35053 35058
35061 35062
35100 35103
35105 35105
35107 35112
35168 35170
35187 35202
35271 35273
35275 35277 
35433 35439
35442 35451
35484 35487
35489 35490
35492 35499
35595 35609
35623 35626
35657 35662
35692 35692
35696 35713
35717 35717
35723 35724
35728 35748
35812 35822
36233 36235
36237 36243
36261 36271
36274 36278
36917 36920
36922 36930
36932 36938
36944 36954
36960 36960
36962 36962
37360 37377
37393 37417
37595 37614
37768 37771
37825 37825
37838 37841
37845 37846
37889 37918
37921 37932
37935 37949
37957 37978
38221 38234
38989 39045
39361 39409
39567 39593
39847 39939
40340 40380
40726 40836
40924 41046
41235 41343
41418 41502
41536 41545
41547 41555 
41559 41566
41710 41823
41824 42141
42142 42283
42284 42523
42562 42619
42696 42778
42780 42788
42814 42819
42833 42848
42853 42887
43386 43418
43466 43475
43485 43542
43543 43593
43594 43595
43599 43639
43641 43654
43655 43676
43677 43732
43738 43749
43750 43758
43759 43772
43773 43792
43793 43828
43833 43833
43839 43839
43858 43885
43893 43898
43909 43909 
43955 43975
43976 43982
43983 43996
43997 44003
44006 44024
44030 44060
44062 44065
44075 44075
44078 44147
44148 44175
44176 44201
44202 44238
44239 44265
44266 44269
44271 44321
44322 44519
44520 44548
44549 44571
44575 44592
44593 44614
44624 44628
44629 44653
44659 44733
44766 44801
44811 44821
44840 44864
44881 44901
44969 45018
45022 45024
45090 45114
45122 45124
45127 45132
45139 45140
45145 45148
45163 45182
45202 45213
45221 45221
45222 45251
45264 45267
45344 45355
45356 45383
45388 45392
45399 45407
45411 45432
45433 45436
45451 45461
45470 45482
45483 45505
45509 45524
45527 45548
45609 45610
45635 45688
45702 45741
45791 45792
45884 45919
45961 46029
46055 46090
46099 46128
46154 46191
46227 46260
46289 46319
46338 46353
46356 46396
46398 46416
46422 46446
46451 46462
46463 46508
46531 46563
46604 46621
46624 46657
46658 46675
46682 46698
46701 46726
47071 47090
47093 47101
47104 47105
47107 47144
47148 47149
47179 47186
47205 47227
47261 47263
47273 47308
47334 47335
47366 47373
47376 47379
47382 47396
47402 47415
47416 47430
47445 47471
47485 47486
47491 47500
47586 47590
47594 47601
47614 47617
47626 47668
47721 47743
47752 47767
47768 47783
47799 47831
47867 47877
47882 47889
47890 47902
47921 47938
47939 47951
48035 48055
48056 48088
48089 48102
48110 48113
48436 48461
48463 48571
48572 48595
48598 48661
48720 48835
48841 48842
48853 48857
48859 48929
49083 49099
49206 49278
49533 49540
49552 49557
49558 49603
49670 49709
49766 49841
49938 50025
50026 50170
50231 50243
50252 50257
50258 50267
50269 50280
50286 50296
50313 50367
50422 50427
50431 50456
50511 50516
50519 50536
50552 50566
50604 50606
50608 50613
50620 50620
50641 50645
50646 50695
50696 50733
50755 50767
50769 50786
50787 50821
50822 50850
50851 50876
50891 50898
50920 50923
50926 50927
50934 50955
50960 50973
50981 51002
51004 51011
51012 51098
51099 51133
51167 51178
51180 51188
51229 51242
51243 51285
51634 51636
51885 51937
52043 52143
52144 52197
52293 52372
52470 52481
52482 52538
52588 52615
52664 52679
52810 52830
52848 52852
52881 52906
52918 52958
52959 53011
53012 53123
53124 53177
53178 53239
53240 53398
53399 53446
53447 53458
53647 53732
53738 53756
53757 53782
54154 54164
54243 54313
54350 54427
54520 54621
54632 54691
54692 54711
54713 54769
54794 54799
54828 54836
55079 55118
55132 55325
55491 55677
55678 55776
55777 55855
55938 55949
56007 56010
56015 56015
56022 56026
56028 56030
56032 56034
56119 56154
56521 56526
56801 56837
56890 56896
57363 57390
57780 57921
58397 58402
58459 58473
58539 58542
58573 58597
58677 58687
58718 58722
59022 59027
59068 59076
59078 59104
59110 59116
59118 59138
59144 59181
59206 59229
68499 68500
68522 68522
72997 73007
73009 73089
73097 73110
73127 73268
73316 73343
73345 73487
73525 73594
73637 73732
73734 73753
73788 73825
73904 73961
73974 73979
73984 73990
73995 73998
74001 74002
74003 74024
74025 74037
74055 74112
74222 74260
74488 74582
74654 74775
74872 74878
74888 74918
74922 74926
75182 75472
75473 75528
75534 75716
75717 75820
75821 75887
75889 76094
76095 76105
76109 76142
76151 76183
76184 76329
76330 76378
76379 76460
76463 76555
76556 76664
76665 76695
76696 76774
76775 76796
76797 76862
76863 76889
76890 76972
76973 76995
76996 76998
77010 77073
77074 77132
77133 77193
77194 77240
77241 77309
77310 77413
77414 77415
77418 77429
77431 77455
77456 77547
77548 77565
77568 77572
77576 77582
77585 77592
77613 77625
77630 77630
77631 77672
77673 77738
77931 78164
78165 78222
78223 78311
78312 78370
78371 78479
78480 78710
78711 78767
78775 78830
78831 78890
78963 79013
79065 79141
79186 79309
79310 79375
79376 79433
79434 79563
79564 79600
79641 79670
79671 79679
79712 79747
79748 79771
79791 79849
79850 79926
79927 80052
80053 80113
80114 80158
80159 80208
80209 80244
80245 80307
80308 80399
80400 80484
80485 80629
80630 80719
80720 81033
81034 81167
81168 81335
81336 81400
81615 81697
81698 81746
81747 81806
81807 81949
81950 82220
82221 82378
83101 83142
83228 83270
83271 83306
83367 83438
83439 83489
83490 83573
83574 83702
83703 83756
83757 83802
83874 83958
84064 84111
84149 84236
84237 84268
84274 84282
84307 84312
84313 84329
84330 84333
84337 84339
84340 84351
84553 84648
84704 84723
84726 84739
84844 84856
84866 84867
84909 84913
84937 84940
84943 84987
85045 85048
85056 85108
85139 85149
85317 85343
85385 85412
85450 85472
85522 85537
85896 85908
85932 85956
86359 86374
86392 86392
86395 86403
86423 86431
86456 86462
86470 86475
86838 86886
87359 87375
87383 87390
87418 87437
87505 87552
87607 87664
97883 97950
97960 97961
98000 98003
98007 98113
98116 98174
98175 98253
98260 98260
98263 98278
98279 98281
98291 98293
98314 98317
98318 98319
98375 98400
98401 98404
98425 98458
98563 98569
99041 99070
99118 99125
99126 99176
99179 99181
99248 99252
99253 99372
99585 99676
99677 99683
99837 99911
99983 100062
100071 100124
100316 100364
100368 100377
100390 100407
100420 100422
100786 100850
101127 101251
101353 101390
101391 101429
101473 101517
101518 101548
101687 101690
101779 101831
101832 101875
101977 102018
102761 102792
103013 103065
103100 103106
103108 103130
103138 103180
103252 103271
103367 103386
103387 103438
103683 103689
103701 103712
103761 103785
104069 104081
104083 104087
104113 104157
104158 104182
104548 104620
104685 104757
104892 104939
105082 105086
105179 105216
105217 105218
105374 105421
105534 105537
106041 106070
106104 106146
106430 106434
106480 106536
106620 106668
106669 106740
106793 106834
106835 106855
106908 106933
106934 107009
107029 107116
107117 107152
107191 107283
107284 107321
107393 107410
107575 107601
107603 107698
107699 107730
107732 107765
107770 107792
107793 107864
107891 107933
107934 107972
107973 108008
108013 108019
108045 108058
108061 108075
108115 108186
108194 108202
108203 108232
108409 108413
108415 108476
108477 108509
108510 108519
108560 108587
108775 108776
108780 108784
108804 108804
108807 108807
108816 108817
108820 108825
108834 108834
108836 108841
108846 108846
108851 108853
108857 108858
108994 108994
109004 109006
109008 109009
109012 109013
109016 109016
109018 109019
109027 109027
109031 109031
109038 109038
109042 109042
109044 109047
109050 109051
109058 109059
109063 109063
109065 109065
109070 109070
109074 109074
109076 109077
109080 109080
109082 109082
109084 109084
109087 109088
109101 109101
109143 109145
109147 109179
109194 109195
109205 109205
109207 109207
109212 109212
109216 109223
109228 109233
109235 109238
109243 109247
110285 110370
110371 110412
110413 110473
110506 110648
110649 110677
110678 110744
110745 110846
110854 110854
110856 110862
110863 111038
111065 111113
111114 111149
111150 111241
111282 111441
111442 111550
111698 111964
111965 112009
112097 112207
112208 112235
112236 112267
112323 112365
112420 112476
112477 112548
112635 112673
112878 112927
112973 113053
113094 113139
113140 113202
113204 113208
113217 113240
113328 113396
113449 113536
113622 113738
113946 114010
114188 114240
114244 114244
114246 114260
114403 114414
114415 114551
114629 114710
118061 118062
118070 118102
118109 118122
118133 118142
118165 118174
118177 118180
118326 118334
118366 118390
118402 118404
121745 121758
121775 121778
122164 122198
122716 122719
122721 122723
122730 122731
122744 122745
122766 122772
122773 122775
122813 122813
122817 122817
122833 122834
122836 122836
122843 122844
122847 122848
122861 122868
122989 123004
123005 123006
123016 123016
123028 123029
123031 123031
123037 123038
123044 123046
123070 123071
123095 123097
123107 123116
123134 123142
123226 123231
123360 123368
123480 123481
123560 123562
123583 123607
123630 123631
123656 123657
123659 123660
123664 123664
123677 123794
124003 124006
124014 124018
124021 124028
124049 124050
124058 124058
124088 124089
124153 124154
124776 124779 
124921 124922
125017 125017
125252 125258
125553 125553
126223 126224
126230 126230
126243 126244
126249 126249
126553 126554
126565 126565
126750 126751
127372 127374
127404 127404
127438 127439
127447 127454
128310 128311
130052 130107
130156 130201
130269 130336
130435 130507
130704 130715
130716 130729
130737 130743
131131 131148
131492 131547
139309 139362
139363 139373
139417 139455
139456 139461
139490 139577
139584 139597
139609 139619
139621 139623
139649 139651
139653 139667
139768 139836
139837 139855
139856 140045
140235 140343
140344 140450
140718 140767
141201 141298
141527 141598
141766 141897
142274 142371
142435 142534
142535 142698
142793 142825
143017 143091
143092 143151
143152 143209
143210 143414
143415 143469
143486 143685
143751 143899
146227 146300
146399 146499
146558 146569
146591 146632
146639 146647
146660 146700
146720 146726
147012 147037
147129 147379
147466 147614
148119 148119
148240 148335
149335 149346
149361 149489
149504 149611
149801 149876
149879 149930
149975 149980
150017 150122
150185 150304
150305 150397
150398 150491
150492 150588
150589 150656
150657 150697
150737 150787
150788 150824
150843 150884
150885 151143
151236 151270
151296 151317
151393 151494
151495 151560
151616 151683
151782 151826
151827 151866
151946 151991
151992 152045
152879 152948
152949 153015
153056 153209
153210 153297
153298 153403
153404 153541
153542 153651
153652 153740
153776 153816
153904 153993
154029 154061
154192 154238
154286 154312
154357 154386
154428 154464
154501 154552
154683 154707
154763 154859
154879 154910
154944 154993
155040 155106
155107 155189
155190 155239
155291 155332
155346 155387
155388 155460
155461 155536
155537 155598
155599 155629
155630 155704
155709 155713
157772 157941
157942 158046
158047 158245
158944 159019
159151 159165
160259 160260
160357 160359
160531 160575
162499 162577
162711 162815
162881 162949
162978 162991
163353 163432
163434 163438
163440 163469
163471 163471
163473 163482
163484 163487
163489 163490
163493 163493
163496 163498
163623 163653
163654 163880
163954 163993
164744 164758
164765 164766
164770 164777
164849 164860
164861 164887
167183 167194
167201 167212
167333 167408
167409 167481
167484 167491
167584 167697
167826 167861
167862 167920
169180 169330
169336 169353
169462 169469
169618 169691
169698 169706
169735 169764
169781 169796
170241 170315
170389 170420
170421 170454
170690 170690
171194 171197
172242 172274
172280 172291
173581 173611
173616 173618
173817 173836
173884 173907
174112 174138
174139 174167
174191 174245
174712 174761
175896 175983
176063 176155
