3591 3594
3605 3618
3710 3715
3767 3776
3778 3784
3806 3812
3820 3842
3922 3946
3947 4007
4105 4135
4138 4140
4159 4170
4179 4183
4196 4203
5282 5379
6204 6253
10429 10484
10485 10588
10589 10632
10678 10722
10723 10804
10805 10809
10841 10919
10929 10932
10935 11167
11168 11173
12107 12117
12125 12138
12156 12163
12370 12390
12964 13015
13184 13202
13240 13255
13257 13262
13263 13267
13283 13324
13327 13332
13336 13342
13344 13353
13354 13400
13432 13439
13449 13451
13460 13479
13498 13504
13505 13589
13653 13690
13697 13704
13769 13831
14156 14190
14342 14407
14411 14413
14419 14516
14526 14540
14555 14573
14594 14602
14606 14630
14632 14640
14643 14679
14771 14783
14799 14867
15334 15400
15421 15463
15478 15563
15572 15624
15625 15694
15695 15726
16133 16177
16178 16236
16237 16285
16286 16345
16387 16480
16556 16595
16596 16677
16678 16699
16711 16799
16809 16819
16826 16849
16854 16862
16869 16870
16885 16907
16912 16964
16973 17074
17171 17225
17226 17326
17327 17421
17422 17470
17471 17546
17632 17654
17660 17666
17668 17678
17698 17919
18096 18452
18586 18853
18890 19001
19055 19164
19165 19276
19277 19422
19423 19470
19495 19529
19531 19582
19583 19605
19612 19640
19709 19750 
19751 19801
20002 20030
20035 20088
20089 20118
20475 20540
20543 20582
20599 20658
20659 20723
20724 20742
20756 21183
21713 21737
21780 21854
21855 21855
21856 21934
22007 22039
22040 22073
22074 22107
22108 22135
22185 22361
22364 22382
22383 22396
22397 22412
22413 22435
22436 22467
22687 22785
22813 22870
22907 22938
23628 23648
23660 23671
23694 23694
23771 23809
23856 23895
23910 23919
23920 23924
23932 23941
24000 24003
24006 24019
24120 24132
24138 24213
24338 24383
24384 24424
24425 24453
24454 24475
24507 24595
24596 24622
24623 24677
24678 24767
24768 24817
24818 24890
24891 24934
24959 24971
24972 24979
24994 25110
25112 25118
25339 25382
25440 25642
25701 25725
25726 25760
25761 25831
25832 25976
26065 26098
26121 26160
26161 26231
26264 26307
26308 26378
26437 26467
26468 26534
26542 26547
26563 26608
26665 26750
26794 26829
26830 26879
26908 26934
27084 27122
27156 27215
27216 27360
27361 27399
27401 27429
27446 27489
27577 27603
27679 27701
27746 27761
27795 27847
28052 28115
28185 28225
28349 28369
28370 28407
28408 28433
28434 28454
28455 28463
28467 28495
28506 28521
28528 28555
28561 28584
28586 28594
28635 28653
28669 28673
28675 28684
28689 28697
28698 28713
28724 28735
28745 28754
28759 28775
28794 28828
28872 28912
28915 28924
28935 28937
28942 28964
28977 29013
29023 29032
29038 29043
29087 29133
29161 29165
29167 29187
29188 29245
29251 29293
29294 29323
29325 29332
29335 29340
29356 29376
29412 29420
29450 29462
29479 29589
29594 29597
29655 29674
29683 29690
29706 29718
29725 29747
29749 29749
29751 29761
29769 29967
29971 29975
29997 30021
30052 30084
30199 30209
30244 30324
30573 30682
31200 31248
31249 31284
31398 31461
31789 31943
31944 32047
32511 32520
32536 32560
32561 32683
32684 32778
32779 32861
32985 32999
33000 33041
33042 33182
33190 33236
33261 33331
33332 33398
33399 33404
33408 33428
33429 33460
33463 33485
33494 33499
33500 33513
33521 33528
33529 33563
33564 33631
33632 33659
33660 33731
33767 33782
33789 33829 
33882 33891
33895 33912
33913 33947
33948 33998
34014 34036
34037 34049
34064 34071
34072 34085
34086 34110
34145 34168 
34169 34211
34212 34239
34240 34242
34249 34496
34529 34729 
34730 34780
34781 34810
34858 34890 
34899 34920 
34976 34993
34994 34998
35009 35027
35028 35044
35048 35058
35059 35063
35065 35068
35082 35087
35088 35112
35113 35118
35123 35123
35126 35129
35134 35138
35140 35143
35144 35183
35208 35208
35211 35221
35222 35230
35232 35240
35271 35289
35290 35293
35295 35296
35307 35328
35329 35346
35347 35361
35362 35392
35393 35416
35417 35426
35433 35451 
35458 35478
35484 35499
35500 35511
35537 35555
35556 35567
35568 35581
35582 35594
35595 35626
35678 35690
35691 35748
35749 35762
35766 35775
35783 35785
35792 35814
35815 35824
35825 35826
35829 35844
35849 35856
35898 35922
35968 36116
36205 36223
36224 36234
36240 36243
36261 36284
36295 36311
36323 36339
36341 36342
36343 36388
36389 36396
36401 36405
36411 36414
36417 36417
36423 36424
36430 36463
36464 36487
36488 36514
36528 36528
36537 36570
36571 36593
36596 36604
36605 36608
36610 36615
36636 36644
36646 36653
36657 36712
36713 36727
36741 36747
36763 36763
36781 36788
36804 36809
36821 36824
36825 36837
36868 36870
36872 36875
36890 36916
36917 36960
36963 36968
36972 36982
36983 36988
37006 37009
37014 37016
37017 37030
37038 37052
37147 37165
37173 37187
37219 37233
37252 37260
37269 37274
37285 37286
37288 37288
37356 37359
37369 37372
37393 37404
37418 37434
37438 37455
37456 37471
37517 37524
37525 37544
37563 37566
37573 37594
37595 37597
37600 37614
37615 37634
37642 37650
37651 37673
37674 37689
37690 37701
37702 37713
37718 37726
37741 37745
37756 37767
37838 37847
37884 37888
37889 37909
38134 38173
38671 38720 
38735 38753
38759 38781
38782 38817
38818 38847
38880 38988
39132 39178
39361 39417
42142 42283
42598 42605
42610 42610
44078 44093
44096 44105
44109 44147
44148 44175
44176 44201
44202 44238
44239 44265
44266 44268
44273 44278
44286 44298
44322 44330
44334 44338
44339 44342
44345 44407
44457 44470
44476 44485
44498 44519
44578 44592
44612 44620
44754 44759
44762 44773
44811 44876
44911 44920
44944 44945
44950 44964
44974 45042
45075 45084
45088 45089
45090 45129
45134 45138
45158 45181
45184 45200
45201 45217
45220 45221
45225 45225
45227 45247
45250 45263
45462 45482
45504 45525
45635 45657
45668 45693
46054 46128
46154 46191
46463 46495
46500 46501
46508 46508
46543 46563
46564 46577
46581 46625
47171 47186
47515 47524
47532 47542
47544 47552
47632 47650
47705 47707
47714 47720
47721 47724
47726 47739
48041 48051
48056 48065
48068 48085
48089 48096
48099 48108
48111 48112
48221 48273
48274 48338
48339 48366
48436 48447
48463 48571
49940 49987
50230 50242
50307 50309
50313 50367
50368 50379
50382 50402
50420 50442
50445 50453
50461 50502
50503 50511
50537 50551
50578 50600
50601 50601
50604 50607
50613 50618
50622 50623
50629 50644
50646 50695
50775 50785
50787 50792
50796 50821
50826 50842
51066 51089
51094 51098
51099 51133
52659 52673
52677 52809
52881 52958 
53447 53452
53454 53458
54519 54631
54692 54718
54721 54769
54816 54827
54870 54902
56530 56555
56562 56603
56799 56837
56907 56988
58584 58612
59075 59077
59277 59293
59312 59336
59399 59432
59435 59498
59545 59634
59640 59654
59895 59952
59953 60007
60008 60054
60055 60124
60403 60407
60409 60411
60479 60518
60528 60613
61171 61220
61351 61384
62004 62057
62216 62307
62728 62767
62769 62832
62906 62914
63779 63814
63819 63830
63862 63916
63999 64045
64046 64049
64056 64060
64068 64083
64135 64194
64353 64397
64482 64548
64803 64837
64855 64858
64863 64865
65160 65257
65495 65510
65554 65633
65696 65758
65912 65999
66045 66053
66079 66186 
66187 66228
66230 66278
66279 66306
66307 66379
66468 66522
66602 66640
66641 66748
66752 66878
66999 67057
67064 67091
67092 67157
67235 67244
67245 67261
67280 67314
67569 67571
67574 67578
67589 67590
67595 67603
67637 67665
67666 67705
67743 67775
67782 67789
67835 67849
67889 67892
67902 67904
67914 67916
67926 67929
68057 68059
68106 68116
68368 68434
68755 68777
69261 69268
69856 69879
69880 69883
69935 69961
70132 70167
70172 70179
70223 70270
70274 70276
70474 70476
70714 70718
70735 70766
70872 70972
70973 71025
71026 71248
71359 71432
71433 71449
71565 71576
71706 71766
71767 71838
71885 71933
72118 72255
72289 72292
72305 72317
72383 72427
72428 72488
72489 72641
73105 73127
73147 73159
73165 73174
73182 73247
73288 73307
73316 73334
73340 73346
73351 73356
73361 73471
73474 73476
73480 73487
73525 73540
73754 73787
73927 73937
74151 74221
74222 74260
74261 74328
74488 74582
74651 74775
74872 74892
74903 74906
74919 74926
75182 75192
78165 78179
78935 78962
79142 79151
79156 79179
83307 83362
84205 84236
84237 84247
84248 84257
84349 84369
84378 84405
84406 84501
84502 84523
84553 84648
84649 84700
84847 84854
85460 85468
87965 88014
88709 88871
90863 90886
90905 90913
90978 90985
91015 91018
91080 91086
91887 91915
92043 92046
92048 92051
92531 92579
92580 92608
92696 92924
93058 93094
94589 94602
94605 94614
94646 94817
95867 95907
97328 97521
97522 97537
97582 97590
97597 97625
97637 97641
97642 97666
97973 97986
98009 98065
98115 98125
98308 98317
98401 98405
98411 98411
98434 98446
98454 98513
98517 98531
98534 98563
99041 99125
99188 99209
99222 99230
99347 99355
99358 99372
99418 99461
99462 99498
99677 99764
100023 100043
100368 100424
100438 100449
100479 100506
100604 100707
100708 100723
100793 100850
101127 101251
101252 101289
101353 101390
101391 101429
101473 101517
101518 101548 
101682 101704
101708 101714
101779 101831
101832 101875
101987 102018
102173 102197
102209 102326
102761 102792
102863 102880
102881 102903
103030 103065
103066 103076
103233 103271
103317 103319
103321 103386
103401 103438
103439 103487
103488 103495
103519 103528
103569 103575
103585 103601
103738 103760
103761 103785
103786 103813
104062 104112
104113 104156
104157 104182
104340 104463
104653 104684
104685 104757
104758 104820
104892 104936
104940 105010
105047 105086
105087 105178
105217 105281
105282 105335
105336 105373
105440 105525
105751 105771
105940 105985
106041 106070
106104 106146
106147 106222
106620 106688
106689 106740
106793 106834
106856 106907 
106934 107009 
107022 107025
107029 107116
107117 107152
107153 107190
107191 107283
107322 107327
107330 107343
107350 107359
107557 107602
107603 107698
107793 107864
107865 107875
107880 107933
107973 108006
108009 108020
108030 108078
108080 108114 
108115 108202
108203 108232
108233 108304
108409 108476
108477 108501
108510 108532
108533 108559
109105 109192
109651 109662
110285 110355
110357 110370
110371 110412
110413 110473
110474 110505
110506 110648
110649 110677
110678 110744
110745 110768
110783 110837
110863 111038
111039 111064
111065 111113
111114 111149
111150 111241
111242 111281
111282 111441
111442 111550
111698 111964
116053 116069
116154 116221
116340 116355
116776 116815
117638 117641
117644 117707
117959 117961
117963 117968
117970 117971
118059 118145
118155 118160
118170 118222
118252 118265
118629 118646
118815 118837
119151 119155
119179 119193
119197 119201
119272 119280
119282 119317
119458 119516
119829 119835
120285 120292
120297 120301
120315 120321
120323 120362
120883 120891
120941 120943
120947 120947
120955 120960
121216 121239
121303 121306
121390 121390
121393 121397
121403 121409
121980 121986
122000 122008
122020 122033
122041 122080
122109 122131
122132 122145
122150 122160
122162 122163
122317 122320
122322 122333
122335 122336
122338 122351
122445 122481
122483 122494
122551 122573
122577 122581
122582 122622
122623 122649
122657 122666
122670 122675
122773 122801
122802 122805
122809 122831
123005 123029
123030 123104
123479 123497
123641 123671
124056 124080
124477 124496
124535 124575
124612 124626
124629 124632
124634 124634
124643 124648
124656 124669
124683 124694
124698 124709
124716 124717
124745 124754
124763 124810
124936 124956
124965 124973
124974 125019
125020 125026
125029 125062
125101 125106
125146 125206
125315 125328
125482 125528
125529 125547
125580 125607
125608 125639
125643 125654
125657 125666
125670 125707
125799 125799
125805 125832
125837 125838
125841 125846
125894 125908
126067 126086
126097 126110
126111 126159
126160 126190
126215 126258
126259 126277
126285 126289
126327 126357
126507 126510
126511 126539
126576 126586
126602 126659
126675 126678
126682 126686
126690 126698
126710 126712
126714 126730
126732 126753
126891 126920
126921 126933
127026 127044
127054 127057
127167 127225
127226 127239
127321 127330
127412 127418
127420 127430
127434 127434
127498 127518
127519 127537
127545 127551
127552 127570
127577 127583
127586 127592
127623 127686
127687 127706
127762 127769
127823 127829
127833 127835
127848 127853
127858 127870
127872 127874
127926 127933
128156 128178
128179 128233
128234 128250
128251 128265
128266 128286
128305 128320
128321 128329
128743 128753
128851 128863
128868 128869
128870 128872
128874 128878
128886 128892
129122 129169
129268 129293
129294 129301
129305 129309
129312 129316
129320 129336
129342 129354
129447 129450
129455 129461
129464 129482
129646 129681
129682 129748
130050 130081
130569 130622
130624 130632
130679 130687
130691 130699
131431 131455
131553 131560
131625 131702
131807 131864
132075 132104
132397 132452
132649 132728
132758 132814
132824 132862
132903 132949
132994 133024
133031 133052
133273 133310
133311 133384
133385 133442
133443 133565
133566 133591
133600 133624
133625 133649
133650 133689
133690 133728
133729 133757
133758 133861
133894 134070
134118 134218
134292 134373
134374 134419
134473 134501
134502 134566
134567 134609
134610 134666
134697 134742
134743 134762
134786 134816
134817 134818
134820 134845
134846 134847
134855 134870 
134871 134884
134888 134912
135021 135102
135105 135111
135112 135216
135222 135248
135265 135290
135320 135328
135349 135359
135365 135370
135386 135387
135391 135395
135397 135397
135399 135405
135524 135550
135630 135657
135686 135690
135697 135731
135732 135770
135771 135857
135858 136054
136055 136182
136183 136285
136320 136340
136341 136356
136357 136397
136613 136662
136803 136805
136808 136868
136884 136904
137011 137067
148140 148224
149176 149187
149213 149216
149241 149281
149283 149327
149801 149809
149824 149828
150097 150111
150185 150210
150217 150304
150305 150397
150398 150491
150589 150656
150657 150697
150788 150804
150813 150817
150820 150840
150885 151043 
151102 151235
151236 151270
151271 151295
151296 151317 
151341 151352
151355 151392
151495 151560 
151616 151683
151684 151781
151782 151826
151867 151945
151992 152045
152949 153015
153040 153055
153056 153059
153776 153816
154428 154464
154501 154532
154533 154552
154763 154859
155107 155189
155191 155239
155291 155332
155388 155460
155461 155478
155483 155499
155519 155525
155622 155630
155631 155711
156026 156108
156120 156146
156222 156256
156282 156415
156495 156529
156744 156876
156985 157009
157432 157479
157491 157525
158328 158342
158347 158417
158418 158502
158521 158530
158693 158749
158861 158943
159324 159420
159421 159428
159444 159448
159458 159493
159515 159569
159570 159584
159604 159678 
159699 159748
160290 160330
160348 160392
160397 160407
160410 160428
160429 160466
160470 160487
160502 160503
160507 160512
160514 160525
160530 160530
160599 160617
160619 160645
160878 160916
160986 161122
161182 161200
161206 161220
161225 161244
161416 161551 
161575 161610
161611 161634
161639 161654
161655 161666
161682 161703
161726 161747
161748 161748
161750 161775
161776 161802
161803 161833
161836 161839
161845 161859
161860 161915
161918 161933
161942 161970
161971 161985
161987 161993
161994 161996
162011 162013
162022 162027
162050 162053
162055 162079
162081 162087
162094 162095
162096 162105
162109 162129
162132 162137
162141 162159
162161 162164
162166 162168
162183 162186
162222 162230
162231 162245
162266 162267
162270 162280
162286 162298
162301 162304
162309 162313
162315 162350
162354 162357
162358 162358
162361 162395
162396 162425
162426 162439
162469 162473
162477 162497
162715 162815
163353 163498
164019 164047
164055 164063
164066 164074
164076 164079
164081 164101
164346 164360
164362 164370
164376 164392
164409 164413
164587 164600
164607 164686
164861 164884
165054 165054
165057 165068
165608 165613
165618 165629
165633 165633
165635 165644
165647 165653
165656 165666
165672 165672
165681 165689
165706 165750
165751 165765
165768 165770
165774 165782
165783 165793
165808 165814
165903 165903
165906 165917
165918 165947 
166059 166088
166245 166354
166391 166498
166536 166553
166612 166643
166843 166855
166856 166870
166871 166877
166883 166893
166896 166910
166921 166929
166932 166937
166939 166953
166955 166959
166964 166966
166969 166980
166986 166996
166999 167032
167033 167054
167056 167100
167102 167105
167116 167116
167118 167125
167126 167150
167151 167159
167248 167271
167482 167489
167510 167531
167538 167551
167921 168181
168182 168266
168296 168305
168307 168314
168318 168341 
168349 168359
168363 168369
168371 168377
168379 168395 
168396 168425
168426 168436
168439 168445
168447 168448
168450 168452
168454 168465
168467 168480
168482 168580
168582 168586
168588 168832
168833 168842
168868 168871
168873 168874
168877 168880
168885 168960
168966 168972
168974 169035
169042 169044
169047 169070
169108 169164
170592 170704
170708 170786
170788 170788
170790 170814
170874 170882
170888 170921
170925 170950
170999 171015
171044 171082
171083 171104
171115 171136
171137 171161
171163 171202
171208 171214
171218 171219
171221 171240
171241 171252
171254 171294
171296 171302
171315 171355
171356 171412
171413 171455
171456 171529
171544 171547
171564 171567
171572 171578
171584 171586
171601 171614
171616 171624
171639 171647
171651 171675
171677 171687
171689 171752
171753 171789
171790 171816
171817 171826
171829 171835
171840 171914
171916 171921
171922 171933
171936 171938
171942 171942
171944 171945
171948 172009
172070 172125
172234 172277
172278 172281
172299 172306
172309 172314
172327 172389
172420 172437
172468 172485
172511 172515
172730 172773
172778 172780
172794 172808
172811 172814
172821 172830 
172950 173002
173033 173034
173039 173051
173052 173098
173102 173107
173118 173126
173150 173161
173167 173171
173180 173191
173201 173208
173210 173217
173221 173221
173224 173227
173357 173361
173366 173408
173412 173477
173478 173480
173483 173489
173495 173495
173502 173525
173528 173536
173558 173558
173563 173575
173580 173580
173837 173841
173845 173846
173852 173854
173925 173947
173966 173976
173983 173983
174023 174033
174064 174075
174372 174392
174398 174495
174563 174587
174608 174624
175400 175449
175610 175650
175651 175667
175691 175736
175737 175775
175776 175857
175858 175895 
176156 176192
176193 176266
176354 176394
176395 176544
176545 176592
176595 176644
176710 176749
176750 176907
176908 176967 
176968 177013
177177 177212
177215 177390
177912 177983
178886 179001
179301 179493
179800 179862
179928 180026
180171 180232
180233 180298
180299 180362
180495 180555
180556 180699
180894 180933
180960 180968
180971 181065
181066 181113
181665 181700
181875 181906
181907 181935
181978 181992
181998 182000
182002 182004
182025 182028
182030 182037
182039 182045
182103 182118
182130 182143
182172 182209
182313 182316
182347 182374
182375 182404
182408 182414
182415 182432
182433 182433
182437 182451 
182471 182495
182496 182535
182541 182546
182548 182573
182574 182606
182618 182627
182628 182652
182653 182678
182680 182718
182723 182729
182734 182747
182782 182794
182850 182873
182874 182888
182903 182906
182911 182933
182934 183021
183025 183032
183088 183115
183118 183143
183144 183157
183158 183170
183171 183174
183177 183198
183233 183278
183325 183347
183348 183390
183391 183430
183433 183437
183462 183492
183497 183503
183565 183614
183615 183679
183680 183905
183906 183960
183961 184059
184060 184111
184112 184150
184151 184199
184200 184257
184258 184324
184325 184366
184367 184410
184411 184484
184485 184595
184596 184629
184630 184657
184658 184691
184692 184767
184768 184897
184898 184988
184989 185089
185166 185222
185491 185601
185602 185651 
185671 185692
185701 185803
186314 186334
186335 186359
186375 186392
186426 186446
186473 186536
186537 186553
186554 186600
186667 186691
186777 186821 
187002 187066
187596 187637
187806 187921
187922 188205
188206 188295
188296 188305
188324 188357
188358 188431
188432 188603
188604 188632
188641 188723
188770 188844 
190930 190987
