4890 4927
4929 4945
12964 13022
13170 13195
13213 13217
13355 13387
13694 13704
13769 13771
13773 13812
15349 15378
15421 15463
15466 15532
15625 15694
16133 16177
16178 16236
16237 16285
16286 16345
16387 16480 
16481 16555
16800 16902
16914 16964
16973 17074
17171 17225
17226 17326
17327 17421 
17422 17470
17471 17546
17632 17654
17660 17666
17668 17675
17698 17919 
18096 18452
18586 18853 
18890 19001
19055 19164
19165 19276
19277 19422
19423 19470
19471 19487
19495 19529 
19530 19582
19583 19640
19709 19750
19751 19801
19802 19924
19988 20034
20035 20088
20089 20118
20161 20254
20294 20368
20434 20474
20724 20742
20756 21027
21082 21183
21780 21854
21855 21934
22074 22135
22185 22361
22383 22396
22397 22412
22413 22435
22436 22467
22693 22785
22813 22870
22907 22938
23628 23674 
23691 23698
23708 23715
24425 24453
24507 24595
24596 24622
24768 24817
24818 24890
24891 24934
24972 24993
24994 25118
25176 25225
25339 25382
25440 25642
25701 25725
25726 25760
25761 25976
26065 26098
26121 26160
26161 26231
26264 26307
26308 26378
26437 26467
26468 26608
26665 26750
26794 26829
26830 26879 
26908 26934 
27084 27122 
27156 27215 
27216 27360
27361 27399
27403 27489
27490 27526
27577 27603
27604 27620
27626 27681
27685 27690
27693 27761
27795 27847
27933 27960
27965 28001
28052 28115
28116 28184
28185 28225
28226 28347
28349 28369
28370 28407
28408 28433
28434 28454
28455 28463
28467 28495
28496 28505
28508 28555
28635 28653 
28794 28871
28872 28912 
28942 28964
29046 29080
29081 29113
29115 29134
29294 29323
29356 29376
29413 29420
29427 29436
29450 29473
29505 29691
29692 29883
29887 29893
30052 30084
30454 30474
30573 30597
30613 30674
31419 31455
31457 31461
32755 32778
33042 33182
33261 33331
33429 33445
33454 33454
33564 33594
33612 33626
33631 33631
33660 33731
33902 33902
33904 33912
33948 33998
34041 34071
34583 34729
34781 34787
34792 34809
35009 35015
35026 35027
35088 35091
35098 35105
35110 35112
35115 35118
35125 35129
35204 35208
35266 35270
35271 35274
35595 35601
35699 35732
35757 35758
35766 35767
35779 35782
36296 36311
36323 36333
36343 36380
36384 36388
36429 36430
36433 36437
36445 36456
36458 36463
36464 36469
36471 36482
36536 36536
36537 36560
36564 36570
36594 36598
36713 36727
36741 36749
36758 36758
36782 36791
36793 36803
36825 36825
36827 36838
36858 36864
37069 37079
37133 37187
37269 37283
37287 37296
37301 37303
37438 37456
37525 37545
37563 37571
37595 37599
37605 37614
37615 37618
37621 37626
37638 37640
37651 37654
37657 37673
37718 37720
37729 37732
37757 37757
37759 37771
37912 37936
37941 37947
37951 37966
37975 37978
38017 38042 
38102 38133
38174 38185
38186 38217
38218 38234
38235 38267
38268 38302
38323 38347
38397 38504
38505 38534
38535 38605 
38673 38720
38746 38760
38782 38817
38818 38847
38848 38879
38880 38988
39046 39090
39132 39178
39191 39238
39244 39256
39361 39411
42142 42283
42598 42610
43655 43676
43677 43695
44210 44213
44328 44335
44342 44358
44593 44624
45134 45137
45141 45150
45268 45355 
45411 45432
45433 45450
45451 45478 
45504 45524
45557 45593
45604 45685
46098 46102
46105 46125
46127 46128
46154 46175
46181 46191
46387 46396
46422 46462
46463 46499
46543 46563
47502 47508
47515 47545
47717 47720
47832 47866
48436 48457
48474 48486
48488 48499
48507 48552
49541 49557
49558 49603
49670 49709
49766 49841 
49938 50025
50026 50170
50313 50331
50346 50353
50356 50363
50421 50430
50432 50436
50448 50452
50620 50645
50654 50695
50787 50822
51067 51098
52597 52616
52635 52656
52667 52809
52881 52958
53447 53452
54243 54313
54801 54818
54825 54827
54870 54963
54994 55038
55678 55776
56530 56603
56907 56988
57780 57829
58009 58094
58547 58549
59399 59432
59435 59498
59545 59634
59644 59648
59895 59952
59953 60007
60008 60054
60055 60124 
60528 60613 
60918 60975
64061 64064
64072 64083
64353 64397
64482 64548
64803 64891
65684 65758
66016 66186
66200 66228
66279 66306 
66380 66467 
66523 66601
66699 66788
67093 67132
67217 67244
67293 67340
67401 67438
67596 67607
67613 67631
67633 67636
67637 67665
67666 67742
67743 67788
68057 68195
68307 68339
68453 68466
68470 68478
68482 68497
68498 68528
68600 68629
68738 68748
68752 68780
68812 68846
68948 68953
68962 68975
69019 69037
69337 69385
69498 69513
70124 70163
70255 70259
70263 70263
70471 70476
70981 71025
71886 71933
72118 72195
72202 72255
72324 72325
73007 73058
73060 73068
73070 73272
73369 73472
73476 73477
73482 73487
73525 73559
73577 73593
73916 73927
73936 73954
74222 74260
74488 74503
74903 74916
74918 74926
75043 75123
76559 76590
76593 76623
81807 81949
84269 84282
84283 84304
84305 84312
84313 84329
84330 84339
84340 84356
84363 84367
88721 88799
92580 92637
92701 92924 
97328 97521
97582 97588
97593 97624
97637 97641
97645 97673
97903 97912
97918 97927
98115 98145
98153 98174
99041 99125
99188 99224
99997 100011
100382 100397
100588 100707
101127 101251
101353 101390
101473 101517
101779 101831
101832 101875
101977 102001
102175 102177
102180 102200
102675 102760
104062 104112 
104113 104156
105047 105086
105336 105373
105940 105969
106041 106070
106480 106516
106620 106668
106856 106907
106934 106943
107029 107116
107153 107190
107360 107380
107557 107602
107603 107698
107702 107711
107793 107840
107856 107864
107973 107987
108106 108114
108115 108121
108131 108175
108203 108232
108409 108476
108477 108505
108510 108532
108535 108538
108560 108699
108700 108744
108745 108860
108861 108944
108945 108990
108991 109104
109105 109192
109193 109215
110285 110334
110377 110391
110413 110473
110474 110505
110506 110648
110649 110677
110678 110744
110863 111038
111039 111064
111065 111113
111114 111149
111150 111241
111242 111281 
111282 111441
111442 111508
115060 115098
115115 115182
115384 115534
116053 116072
116191 116228
116479 116552
116557 116581
118064 118129
118138 118268
118629 118649
118652 118662
121261 121283
121342 121346
121980 122019
122456 122493
122550 122581
122582 122622
122623 122636
122773 122801
122802 122822
123030 123104
123479 123498
123509 123539
123608 123611
123614 123614
123617 123627
123632 123676
124034 124055
124056 124073
124095 124157
124158 124164
124170 124196
124197 124240
124241 124273
124274 124333
124334 124379
124384 124420
124428 124463 
124465 124496
124793 124794
124798 124808
124920 124933
124936 124956
124974 125019
125054 125062
125074 125088
125100 125102
125346 125366
125390 125411
125446 125481
125482 125482
125487 125505
125508 125528
125529 125552
125580 125606
125607 125639
125645 125650
125655 125656
125669 125707
126031 126052
126067 126089
126091 126110
126113 126123 
126160 126190
126215 126258
126259 126264
126267 126280
126327 126357
126464 126495
126500 126510
126511 126560
126613 126665
126666 126676
126703 126706
126719 126753
126903 126920
127122 127152
127154 127166
127167 127225
127323 127382
127395 127400
127401 127434
127435 127491
127492 127500
127503 127517
127519 127535
127547 127551
127623 127686
127687 127704
127709 127720
128132 128136
128147 128156
128174 128178
128254 128265
128305 128320
128321 128341
128344 128355
128358 128365
128376 128387
128415 128520
128563 128597
128601 128602
128771 128804
129342 129372
129646 129681
130006 130043
130044 130061
130066 130075
130569 130634
130663 130672
130673 130699
130759 130772
131369 131396
131432 131485
131625 131702
131729 131763
131807 131864
131865 131900
131941 131980
131981 132036
132037 132060
132062 132074
132075 132224
132225 132265
132266 132332
132333 132375
132379 132396
132397 132452
132477 132498
132499 132547
132594 132648
132649 132728
132729 132757
132758 132823
132824 132862
132863 132902
132903 132949
132956 132993
132994 133065
133097 133123
133273 133310
133385 133442
133443 133565
133566 133598
133650 133689
133894 133936
133948 133972
133975 134070
134118 134218
134374 134419
134473 134501
134567 134609
134697 134742
135021 135029
135054 135058
135067 135077
135349 135416
135527 135641
135675 135685
135939 135996
136016 136054
136320 136340
136341 136352
136376 136386
136613 136655
136808 136874
137512 137525
137632 137670
137685 137693
138294 138418
138426 138431
139035 139042
139072 139087
139093 139102
139113 139116
139117 139122
139424 139432
139548 139597
139786 139800
139805 139812
142611 142641
143092 143151
143272 143278
143290 143351
143361 143414
143415 143451
143485 143571
143579 143617
143619 143685
143900 143927
143941 143957
143965 143986
144015 144066
144152 144194
144242 144320
144321 144348
144351 144355
144402 144407
144417 144458
144948 145046
145321 145378
145379 145413
145437 145534
145594 145653
145874 145928
145968 146044
146227 146300
146380 146499
146552 146601
146694 146699
146701 146719
146729 146733
147129 147333
148140 148224
148336 148400
148401 148487
148488 148569
148570 148658
148712 148807
148808 149175
149176 149342
149352 149369
149386 149397
149801 149843
149883 149900
150095 150147
150305 150313
150315 150322
150324 150397
150398 150491
150589 150656
150657 150697
150698 150736
150788 150840
150885 151043
151236 151270
151296 151317
151318 151339
151343 151354
151495 151560
151782 151826
151867 151878
151992 152004
152022 152045
152046 152182
152183 152678
152679 152878
152949 153004
153776 153779
153782 153786
153804 153816
154763 154859
155107 155189
155282 155290
155388 155460
155468 155504
155528 155532
155631 155701
156877 156917
156985 157009
157010 157048
157630 157643
157688 157747
158343 158417
158861 158943
159324 159420
159421 159441
159452 159483
159511 159545
160230 160259
160338 160347
160348 160384
160391 160392
160998 161122
161220 161222
161231 161286
161293 161297
161302 161307
161328 161361
161416 161551
161575 161596
161600 161601
161640 161644
161646 161654
161730 161737
161739 161746
161971 161983
161987 161993
162009 162010
162013 162027
162055 162088
162270 162285
162315 162328
162333 162340
162342 162353
162481 162486
162489 162498
164196 164263
164444 164461
164512 164552
164687 164743
164744 164755
164768 164772
164778 164822
164823 164845
164861 164887
164888 164936
164937 164995
165725 165746
165783 165789
165918 165947
166059 166088
166245 166264
166267 166277
166391 166498
166843 166845
166880 166887
167218 167247
167248 167271
167272 167295
167482 167537
168318 168330
168403 168410
168415 168420
168496 168510
168833 168871
168878 168883
168987 168998
169004 169019
169038 169042
169108 169130
169136 169166
170654 170684
170688 170688
170690 170703
170763 170770
170951 170998
170999 171043
171044 171082
171083 171114
171115 171134
171163 171201
171333 171355
171365 171368
171379 171401
171414 171447
171625 171647
172010 172010
172015 172022
172024 172069
172075 172095
172097 172118
172126 172233
172326 172389
173062 173071
173075 173081
173837 173840
173843 173850
173966 173972
173981 173984
173988 173997
174022 174033
174077 174087
174088 174111 
174168 174177
174312 174369
174588 174607
174762 174803
175085 175104
175400 175449
175610 175650
175691 175736
175873 175895
176545 176593
176623 176654
176710 176749
176750 176907
176965 176967
176968 177013
177172 177390
179244 179300
179301 179493
179494 179551
179552 179651
179800 179906
179928 180073
180130 180170
180171 180232
180233 180298
180299 180374
180375 180432
180495 180555
180556 180699
180894 180953
180997 181065
181534 181573
181655 181700
181838 181906
182025 182028
182030 182037
182039 182045
182088 182102
182307 182316
182319 182346
182348 182374
182375 182414 
182436 182451
182538 182573
182574 182627
182628 182652
182653 182655
182667 182679
182690 182694
182700 182704
182750 182822
182836 182839
182850 182873
182874 182888
182903 182909
182912 182921
182923 182933
183022 183029
183118 183143
183144 183157
183158 183170
183171 183198
183199 183214
183218 183232
183246 183278
183288 183304
183305 183347
183348 183382
183391 183445
183462 183472
183474 183495
183565 183614
183615 183680
183681 183905
183906 183960
183961 184059 
184060 184111
184112 184150
184151 184199
184200 184257
184258 184324
184325 184366
184367 184410
184411 184484
184596 184629
184630 184657
184658 184691
184692 184767
184768 184897
184898 184988
184989 185089
185090 185165
185166 185222
185395 185506
185602 185651
185798 185858
185859 185915
185916 185961
185962 186024
186025 186058
186059 186105
186106 186146
186180 186215
186216 186274
186275 186307
186322 186334
186335 186359
186375 186393
186426 186446
186473 186536
186537 186553
186554 186600
186650 186719
186777 186821 
187002 187066
187596 187637
187806 187921
187922 188205
188296 188357
188358 188431
188432 188603
188604 188632
188641 188723
188770 188844 
189813 189855
190414 190474
190627 190748
190761 190792