15748 15824
16075 16125
16292 16309
16310 16318
16320 16328
16332 16334
16337 16337
16345 16359
16404 16436
16487 16574
16595 16611
23961 23981
24073 24175
24326 24393
24429 24432
24434 24511
24633 24674
24678 24694
24796 24798
24836 24838
24949 24980
24993 25009
25100 25142
25347 25402
25409 25432
25533 25538
25777 25802
25810 25827
27312 27327
27330 27361
27845 27882
27884 27892
27959 27961
28037 28076
28200 28210
28227 28237
29021 29028
29036 29039
29056 29068
29081 29090
29092 29100
29529 29563
29578 29631
29707 29736
29865 29903
30602 30609
30610 30623
30624 30633
30667 30690
30694 30707
30747 30756
30762 30781
30789 30818
30856 30917
30923 30943
31050 31082
31084 31087
31120 31139
31150 31158
31443 31506
31838 31936
32037 32084
32199 32295
32605 32647
32649 32681
32682 32700
32787 32818
32819 32877
34088 34168
34169 34232
34740 34815
34816 34850
34968 34979
35014 35034
35137 35155
35163 35179
41657 41661
41662 41664
41724 41753
63554 63575
63616 63623
63630 63638
63647 63652
63653 63659
63660 63665
63684 63694
63695 63711
63723 63733
63753 63808
63809 63811
63823 63840
70769 70775
70779 70787
70804 70834
70914 70943
70950 70961
70970 70982
74706 74736
74742 74751
74769 74780
75737 75796
75937 75976
77271 77289
77290 77307
77333 77351
78350 78355
78359 78359
78361 78364
78409 78415
78420 78424
78530 78545
78588 78594
79012 79056
79059 79082
79083 79107
79169 79183
79392 79410
79461 79468
80209 80222
80336 80371
80784 80792
80804 80810
91559 91592
91603 91625
91647 91725
91780 91796
91839 91878
91969 92026
92027 92055
92056 92176
98224 98326
108203 108218
108234 108270
108312 108350
124213 124253
124293 124320
124484 124507
124542 124582
124583 124584
124674 124741
124742 124757
124848 124889
124949 124993
124994 125061
125109 125113
125124 125130
125148 125196
125197 125204
125206 125212
125270 125311
125312 125350
125389 125395
125399 125402
125410 125412
125413 125438
125439 125443
125448 125458
125468 125469
125478 125533
125540 125567
125569 125570
125571 125602
125603 125626
125627 125711
125712 125753
125785 125834
125844 125916
125917 125971
125972 126010
126021 126030
126054 126071
126176 126245
126246 126254
126304 126354
126410 126470
126555 126596
126597 126627
126677 126745
126967 127052
127071 127083
127087 127089
127092 127115
127151 127238
127336 127351
127378 127434
127488 127512
127591 127591
127593 127598
127599 127628
127656 127681
127682 127734
127769 127791
127792 127833
127834 127841
127842 127844
127850 127859
127861 127866
127867 127874
127906 127970
128140 128157
128161 128164
128173 128179
132317 132544
141110 141193
141194 141326
144786 144795
144796 144851
144968 145226
145229 145272
145438 145475
145545 145900
145938 145994
146006 146024
146025 146151
146152 146202
146308 146364
146365 146392
146393 146418
146419 146476
146477 146511
146550 146620
146621 146650
146651 146658
146674 146685
146733 146773
146774 146867
148799 148824
149037 149042
149084 149104
149245 149267
149268 149335
149371 149426
149475 149480
149609 149610
149754 149799
150138 150139
150170 150172
150226 150287
150333 150408
150525 150531
150533 150533
152331 152460
152461 152499
152603 152667
152679 152681
152682 152683
152694 152698
152702 152704
152710 152715
152720 152756
152779 152795
152796 152804
152825 152828
152829 152833
152834 152842
152844 152849
152850 152852
152853 152858
152863 152870
152888 152913
152926 152937
152938 152954
152955 152960
152961 152972
152973 152983
153017 153033
153037 153077
153205 153214
153215 153232
153233 153233
153238 153243
153286 153288
153304 153307
153308 153310
153389 153396
153397 153412
153422 153464
153465 153490
153511 153534
153539 153563
153598 153653
153654 153703
153704 153739
153755 153793
153928 153934
153936 153948
153960 153968
153979 153981
154004 154015
154016 154036
154037 154045
154081 154102
154105 154116
154117 154144
154146 154163
154170 154176
154177 154190
154192 154192
154193 154211
154212 154226
154250 154252
154258 154265
154266 154348
154349 154414
154415 154528
154529 154631
154847 154954
154991 155024
155238 155272
155346 155589
155715 155762
155763 155855
156273 156285
156318 156321
156328 156347
156420 156478
156536 156562
156563 156574
156578 156626
156627 156692
156745 156763
156764 156851













