2491 2543
2544 2597
2598 2624
2625 2654
2674 2680
2715 2768
2769 2820
2924 2950
2951 2966
3757 3978
3979 4097
4098 4099
4106 4117
4226 4433
4514 4594
4595 4698
4699 4750
4751 4781
4782 4797
4798 4821
4822 4891
4894 4896
5067 5098
5114 5115
5116 5253
6989 7012
10760 10787
22960 22992
23878 23883
23888 23892
23907 23970
25268 25371
25391 25415
25461 25464
25480 25498
25503 25532
25580 25589
25601 25604
25612 25641
49353 49494
56822 56963
62068 62072
62073 62095
62096 62105
62280 62300
62524 62557
64418 64432
64513 64529
64540 64540
64546 64550
64570 64570
64572 64572
64647 64654
64657 64662
64665 64665
64673 64674
64687 64689
64699 64700
64706 64712
64725 64725
64735 64738
64828 64831
64872 64877
64881 64911
64935 64941
64980 64981
64983 64986
64995 65002
65027 65036
65070 65076
65125 65133
65205 65208
65221 65222
65224 65225
65248 65252
65337 65348
65404 65411
65441 65445
65446 65447
65450 65452
65500 65511
86166 86336
86427 86487
86685 86774
86784 86832
116521 116574
116595 116685
116688 116713
116718 116993
116994 117007
117014 117168
121426 121482
121587 121649
121843 121900
122283 122365
141150 141193
141194 141326






















