6447 6479
6578 6591
6896 6962
7090 7182
7384 7482
7597 7625
7671 7705
7748 7794
7997 8086
8159 8331
8367 8392
8405 8442
8975 9027
10044 10096
10119 10174
10175 10219
10245 10272
10273 10290
11538 11659
11666 11669
12315 12372
13034 13064
13145 13175
13473 13483
13492 13497
13498 13610
13611 13796
13797 13856
13962 14024
14471 14501
14502 14533
14534 14579
14580 14604
14627 14649
14650 14675
14676 14719
14720 14759
14760 14784
14817 14820
14826 14832
14838 14839
14843 14844
14847 14853
14967 14994
14995 15026
15758 15800
15916 15957
15983 16027
16489 16549
16565 16667
16738 16762
17046 17062
17275 17353
17355 17390
17398 17435
17445 17473
18178 18204
29374 29613
29614 29701
29839 29941
30105 30114
30119 30129
34247 34255
34277 34331
34427 34505
34696 34742
34755 34802
35448 35471
35478 35485
35504 35522
35536 35548
35680 35730
35731 35738
35755 35773
35778 35868
35881 35889
35928 35931
36038 36064
38821 38864
38901 38992
39354 39397
42159 42217
47458 47471
47474 47480
53730 53862
54185 54223
55795 55840
55969 55999
56051 56069
56992 57041
57047 57066
58158 58195
58283 58322
58369 58408
58420 58467
58476 58537
58584 58597
61031 61037
61087 61119
61848 61914
61926 61955
62020 62064
62137 62192
62268 62307
65195 65210
65245 65251
65279 65289
65306 65306
65308 65318
65331 65340
65344 65349
65465 65508
66853 66874
66884 66891
66892 67128
67153 67435
67488 67586
67628 67682
67701 68072
68117 68140
68203 68297
84917 84939
84974 84982
95640 95657
95662 95666
95692 95704
96180 96475
101815 101888
102081 102146
102856 103283
117529 117547
117655 117669
117681 117686
117695 117713
117717 117728
118699 118707
118714 118734
118766 118818
118819 118861
118908 118917
123838 123858
124018 124044
124045 124049
124059 124061
124068 124073
124103 124110
124113 124124
124160 124177
124201 124238
124334 124357
124358 124364
124384 124388
124528 124557
124803 124820
124822 124828
124839 124858
124870 124874
124963 124970
124976 124980
124982 124986
124989 125168
125206 125289
125371 125449
127097 127168
127176 127198
127199 127227
127227 127268
127324 127387
127388 127571
127578 127583
127585 127590
127595 127598
127599 127650
127651 127658
127660 127665
127667 127668
127690 127705
127707 127800
127803 127824
127843 127882
128070 128177
128253 128270
128308 128326
128337 128372
128466 128563
128601 128688
128968 129005
129055 129070
129133 129228
129440 129463
129511 129526
129557 129557
129559 129575
129582 129591
129610 129614
129628 129654
129792 129827
133363 133588
133598 133615
135196 135200
135385 135412
158088 158190
158258 158291
158494 158504
159108 159123
159149 159194
159248 159255
159600 159641
160034 160147
160198 160260
160264 160321
160451 160460
160481 160485
160492 160500
160537 160580
160581 160620
160622 160638
160640 160711
160842 161172
161238 161251
161319 161422
161423 161476
162894 162968
162969 163234
163293 163320
163352 163391
163392 163418
163504 163523
165898 165975
165986 166002
166164 166226
166349 166373
168454 168940
