16387 16451
16461 16471
17128 17137
17140 17157
17160 17171
17176 17245
17335 17427
17453 17471
17512 17540
17543 17881
22249 22315
22372 22405
23993 24222
24278 24296
24308 24390
24479 24716
24719 24765
24973 24990
24997 25051
25136 25302
29572 29609
29615 29630
29633 29633
29636 29636
29642 29656
29670 29747
29749 29751
29754 29754
29766 29778
29781 29791
29799 29810
29811 29812
29817 29833
29840 29852
29853 29864
29871 29879
29889 29932
29933 29943
29947 29954
29962 30006
30037 30040
30048 30088
30124 30214
30222 30247
30248 30281
30282 30297
30327 30334
30354 30419
30427 30453
30454 30464
30469 30492
30499 30507
30514 30568
30569 30636
30637 30652
30661 30663 
30665 30748
30749 30784
30785 30826
30827 30838
30929 30933
30935 30938
30941 30952
30954 31003
31025 31089
32824 32897
32964 33054
33094 33099
33623 33627
33631 33754
33896 33922
33991 34139
34654 34819
36386 36507
36590 36795
36825 37073
37871 38035
38093 38120
38151 38153
38163 38353
41514 41545
41548 41553
41787 41847
44156 44382
44384 44388
44390 44415
44427 44618
44621 44622
45000 45043
45045 45046
45098 45117
45170 45261
45315 45423
45445 45456
45471 45528
45538 45601
45606 45763
45766 45770
45782 45876
45901 46064
46068 46087
46101 46618
46692 46710
46714 46727
46734 46744
46754 46762
46785 46787
46800 46810
46811 46822
46827 46862
46917 46992
46993 47717
47823 47921
48030 48126
48267 48355
48433 48801
48869 48977
49023 49208
49264 49349
49428 49460
49461 49543
49544 49611
49674 49889
50023 50084
50222 50327
50653 50860
51033 51040
51053 51060
51606 51618
52199 52428
53444 53880
53962 53986
54050 54107
54109 54132
54143 54280
54407 54546
54551 54560
66692 66696
66707 66718
67668 67677
68992 69111
69205 69228
69288 69306
69323 69369
69451 69531
70046 70269
70307 70426
70643 70773
70838 70927
70975 71071
71354 71368
71451 71465
71472 71494
72333 72611
72697 72742
72744 72783
72785 72903
73307 73427
73439 73441
73506 73509
73512 73614
73758 73790
73793 73801
74046 74060
74176 74186
74217 74294
74347 74352
74523 74534
74590 74815
74887 75101
75649 75873
75875 75884
76110 76124
76213 76545
76685 76785
76911 77002
77006 77026
77035 77513
77653 77867
77880 78327
78329 78352
78354 78369
78372 78481
78483 78494
78505 78508
78889 79216
79237 79254
79267 79286
79301 79311
79317 79335
79358 79456
79692 80015
84815 84824
84828 84837
84844 84883
84907 84921
85102 85246
85323 85353
85803 85881
86199 86975
86975 87026
87068 87079
87146 87363
87441 87553
87623 87967
89759 90349
91926 92034
102659 102793
102882 103011
103874 104082
104124 104374
107257 107278
107996 108159
108165 108227
108236 108261
108267 108269
108312 108339
108340 108392
122104 122108 
122112 122227
122272 122386
122387 122490
122503 122505
122576 122583
122592 122598
122604 122606
122625 122635
122638 122771
123022 123048
123049 123073
123133 123157
123337 123354
123384 123399
123410 123417
123453 123475
123486 123500
123510 123549
123555 123953
123966 123984
124016 124020
124025 124029
124034 124043
124098 124217
124223 124226
124304 124365
124366 124450
124451 124454
124458 124463
124477 124484
124485 124515
124516 124548
124570 124646
125479 125646
125702 125984
126186 126432
126462 126904
127198 127870
128072 128078
128082 128082
128089 128092
128119 128124
128203 128205
128226 128236
128239 128248
128412 128419
129601 129953
129954 130009
130248 130280
130335 130378
130451 130684
130748 130825
130856 130878
130952 131001
131002 131165
131166 131167
131194 131284
131287 131314
131315 131343
131362 131426
131427 131496
131617 131766
131767 132011
132012 132150
132151 132261
132262 132389
132390 132499
132500 132564
132565 132614
132717 133328
133340 133354
133396 133442
133632 134386
134558 134942
135277 135310
136078 136084
136296 136916

