27532 27632
30684 30684
30689 30689
30694 30694
30707 30707
30713 30713
30716 30716
30720 30721
30734 30734
30737 30737
30742 30742
30751 30754
30758 30764
30781 30782
30791 30791
30805 30805
30819 30819 
30962 30962
30980 30980
30997 30997
34390 34441
61451 61461
86115 86185
86238 86238
86252 86252
86259 86259
86266 86266
123039 123039
123047 123047
123049 123049
123057 123057
123075 123075
123084 123084
123102 123102
123134 123134
123152 123152
124443 124444
124481 124481
126684 126686
126692 126693
126698 126702
132567 132569
132577 132579
132584 132592


