9299 9316
9317 9415
10305 10402
13027 13165
13782 13866
14037 14265
14266 14524
16596 16847
16872 16884
16985 17165
17354 17357
17366 17368
17406 17436
17437 17508
18145 18731
19558 19630
20965 21166
21394 21417
21774 21986
22125 22292
22341 22495
22747 22863
23757 23969
24288 24297
24670 26008
26570 27255
31213 31291
31292 31536
31537 31682
32000 32065
32608 32638
34398 34671 
34768 34828
39487 41039
80127 80256
85216 85400
85877 86121
120011 120609
125421 125435
127724 132238
134768 134965
192088 192582
193961 194109
195894 196312
196751 196878 
197902 197932
198145 198355
199315 199467
199685 199750
200898 201024
204742 205267
205481 205587
205730 206403
206557 206635 
207496 209630
211412 211523
212196 212370
212811 212996
213574 213640
213663 213693
213795 213825
214104 214214
