6845 6856
6885 6904
6905 6957
6962 6999
7007 7043
7046 7089
7105 7108
7656 7870
8127 8147
8162 8289
8847 8945
8946 9016
9017 9175
9260 9282
9298 9303
9304 9307
9310 9316
9317 9415
9416 9427
9431 9435
9446 9453
9455 9462
9465 9467
9472 9485
9702 9708
9709 9736
9751 9758
9769 9770
9774 9783
9835 9848
9852 9856
9860 9872
9879 9881
9894 9896
10014 10019
10028 10033
10251 10304
10873 10924
10941 10966
10979 10990
11125 11146
11336 11355
11367 11400
11411 11418
11431 11441
11967 11969
11993 11994
11996 11998
12000 12010
12016 12035
12038 12039
12042 12069
12072 12095
12102 12133
12140 12149
12151 12156
12159 12160
12465 12495
12506 12516
12538 12553
12557 12575
12731 12758
12762 12777
12785 12876
13090 13140
13303 13317
13547 13570
13573 13668
13801 13821
13823 13844
13846 13852
13867 13892
14037 14048
14065 14072
14087 14088
14091 14200
14235 14265
14670 14701
14987 15005
15007 15068
15069 15162
15170 15192
15193 15250
15251 15415
15416 15537
15634 15641
15651 15725
15731 15739
15743 15750
15756 15775
15798 15805
15807 15825
15875 15910
15948 16387
16816 16826
16829 16847
16848 16889
16914 16939
16946 16954
17582 17646
17656 17662
17664 17668
17681 17681
17683 17684
17690 17691
17873 17879
17891 17895
17898 17921
17928 17938
18085 18119
18134 18144
18890 18915
18931 18972
19024 19029
19036 19063
19070 19128
19136 19145
19160 19198
19208 19225
19228 19254
19275 19326
19333 19357
19362 19380
19386 19398
19407 19410
19413 19420
19426 19494
19515 19517
19522 19537
19544 19552
19656 19670
19861 19867
19899 19934
20222 20533
20544 20580
20585 20601
20825 20952
21394 21417
21428 21433
21435 21448
21453 21469
21472 21481
21491 21508
21587 21594
21605 21613
21615 21773
21987 21988
21991 22021
22059 22093
22125 22292
22341 22495
22758 22783
22822 22863
22933 23007
23765 23853
23865 23906
23920 23957
23959 23961
24288 24301
24307 24316
24334 24348
24359 24382
24428 24434
24440 24472
24483 24526
24528 24566
24624 24632
24639 24656
24663 24666
24685 24712
24913 25059
25060 25121
25250 25322
26009 26033
26418 26427
26443 26447
27753 27827
27867 27931
28081 28216
28217 28272
28273 28516
28522 28545
28749 28759
28998 29010
29190 29288
29345 29367
29392 29398
29618 29691
29808 29818
30108 30169
30170 30221
30306 30416
31292 31536
31877 31964
32000 32013
32066 32121
32471 32484
32581 32611
33291 33300
33404 33483
33487 33562
33574 33653
33658 33663
33668 33678
33695 33703
33780 33797
33839 33856
33865 33877
34047 34051
34064 34140
34146 34281
34395 34419
34420 34500
34501 34533
34672 34732
34782 34830
34893 34981
34982 35132
35146 35208
35211 35261
35263 35373
35376 35384
35649 35695
35787 35820
35828 35837
35840 35888
35965 36042
36051 36058
36289 36327
36396 36421
36422 36501
36524 36556
36559 36604
36619 36661
36944 36976
37108 37205
37207 37254
37264 37271
37274 37275
37306 37312
37330 37351
37371 37398
37407 37428
37548 37678
37959 37972
38716 38780
40050 41044
52069 52219
52248 52262
52268 52291
52303 52332
52583 52658
52664 52675
55322 55370
55390 55619
55621 55621
55624 55626
55630 55958
55960 55960
55962 55964
55973 55977
56002 56066
56101 56120
56183 56255
56258 56269
56272 56282
56286 56310
56388 56394
56401 56401
56407 56410
56532 56553
56594 56595
56597 56609
56618 56620
56664 57100
57272 57305
57309 57318
57320 57330
57335 57338
57348 57361
57366 57367
57376 57387
57397 57421
57423 57449
57452 57457
57460 57477
57482 57554
57563 57581
57593 57598
58174 58180
58223 58252
58279 58299
58671 58696
58785 58974
59403 59454
59480 59489
59503 59526
60235 60253
60283 60285
60310 60317
60329 60349
60359 60408
60686 60841
60858 60887
60891 61033
61037 61057
61081 61099
61179 61242
61253 61270
61298 61382
61401 61454
61497 61709
61714 61844
61858 61936
61937 62021
62038 62068
62083 62125
62161 62194
62196 62234
62265 62291
62314 62359
62531 62554
62611 62620
62621 62737
62738 62840
62848 62868
63010 63077
63102 63203
63204 63241
63242 63308
63309 63364
63377 63399
63442 63459
63478 63485
63487 63522
63532 63543
63545 63550
63553 63621
63633 63670
63711 63739
63740 63780
63806 63876
63886 63891
63898 63953
64007 64217
64218 64275
64363 64422
64449 64468
64483 64493
64593 64599
64669 64756
64765 64792
64806 64844
64850 64868
64879 64883
64913 64934
64941 65014
65025 65041
65042 65048
65060 65071
65075 65080
65099 65152
65153 65182
65194 65224
65235 65272
65284 65416
65424 65435
65446 65460
65464 65627
65628 65661
65699 65872
66592 66597
66607 66617
67025 67057
67096 67250
67258 67297
67419 67442
67463 67794
67796 67803
67807 67807
67809 68119
68212 68213
68222 68229
68239 68240
68251 68270
68287 68307
68493 68542
68550 68680
68683 68957
69019 69240
69267 69590
69662 69687
69701 69707
69727 69757
69765 69771
69783 69798
69801 69808
69939 70109
70194 70369
70762 70786
70804 70814
70850 70851
71221 71384
71397 71409
71429 71441
71483 71514
71525 71533
71535 71681
71683 71727
71730 71874
71880 71909
71913 72166
72172 72241
72246 72253
72254 72308
72406 72415
72423 72432
72445 72465
72477 72496
72658 72675
72676 72745
73010 73063
73076 73427
73478 73779
73968 74034
74072 74091
74097 74106
74112 74122
74125 74144
74151 74198
74269 74337
74340 74391
74401 74425
74429 74438
74444 74454
74531 74555
74602 74631
74635 74668
74674 74678
74679 74707
74740 74753
74760 74890
74961 75017
75018 75048
75055 75180
75266 75346
75521 75533
75538 75541
75551 75586
75594 75656
75846 75857
75883 75913
75956 76013
76032 76057
76637 76716
76924 76968
77000 77012
77018 77094
77108 77123
77949 78026
81180 81193
81204 81250
81564 81591
82841 82855
82864 82941
83878 83901
83921 83928
83934 83943
83956 83971
84015 84056
84094 84122
84148 84170
84187 84350
84365 84398
84647 84683
85508 85517
85526 85561
85598 85739
85808 85856
85860 85869
86288 86346
86351 86380
86384 86390
86750 86764
86779 86821
86823 86831
86834 86878
86981 87046
87114 87256
87259 87284
87415 87429
87444 87472
87477 87503
87611 87811
88191 88223
89486 89616
89617 89650
89653 89750
91001 91034
91100 91102
91107 91121
91204 91255
92686 92711
92718 92747
92758 92786
92791 92804
93102 93148
93165 93188
93195 93202
93248 93250
93270 93285
93310 93310
93315 93321
93337 93356
93412 93418
93452 93464
93470 93475
93483 93488
93643 93753
93770 93785
94030 94037
94085 94129
94131 94135
106571 106693
106701 106704
106714 106823
106969 106970
107018 107020
107056 107058
107300 107404
107416 107587
107671 107703
107955 108115
108267 108354
108704 108719
108749 108776
108802 108854
108856 108903
108905 108909
108968 109004
109008 109015
109016 109086
109133 109141
111968 112023
112092 112093
112094 112096
112137 112144
112151 112362
112630 112712
112786 112820
112824 112985
112986 113274
113549 113647
114136 114319
115023 115059
115319 115409
115460 115490
115641 115665
115726 115820
116388 116391
116399 116400
116876 116878
117077 117081
117227 117230
117239 117248
118120 118143
118285 118291
118293 118300
118421 118423
118426 118428
118440 118450
118463 118596
118599 118611
118681 118698
118704 118706
118714 118721
120107 120185
120191 120201
120205 120241
120261 120307
120552 120595
120597 120620
120624 120632
121461 121674
121866 122052
122176 122371
122372 122448
122463 122628
122629 122700
122715 122738
122846 122914
123021 123288
123543 123640
123659 123675
123682 123711
123732 123880
123881 123965
124332 124380
124702 124743
124809 124882
124931 124951
124962 124976
125569 125636
125688 125739
125740 125861
125925 126034
126484 126542
126816 127005
127181 127396
127413 127423
127477 127493
127494 127582
127584 127606
127624 127666
127673 127699
127828 127853
128114 128155
128172 128190
128346 128381
129652 129657
129661 129677
130089 130097
131974 132101
132420 132436
132467 132523
133260 133281
133618 133639
133644 133753
134025 134250
134464 134465
134472 134511
134512 134564
134565 134767
134768 134911
135842 135847
136116 136367
136448 136531
137682 137706
137709 137715
137763 137771
137776 137803
137808 137823
137834 137866
137887 137937
137945 137957
137960 137979
137981 137990
138009 138014
138023 138050
138058 138176
139799 139808
139809 139835
139870 139873
140013 140028
140041 140072
140078 140109
140135 140135
140139 140143
140146 140160
140162 140165
140168 140174
140190 140194
140221 140222
140239 140246
140248 140249
140253 140263
140278 140310
140425 140470
140725 140759
141514 141522
141524 141554
141561 141617
142052 142056
142118 142145
142154 142171
142176 142216
142223 142226
142233 142255
142259 142303
142316 142319
147806 147877
149692 149754
149766 149784
149788 149797
149810 149834
149868 149879
149885 149891
150013 150042
150049 150090
150103 150106
150327 150357
150372 150398
150403 150408
150411 150431
150458 150463
150467 150470
150497 150498
150529 150542
150568 150595
150624 150626
150636 150650
150657 150683
150691 150717
150728 150858
151184 151204
151835 151850
151895 151898
151909 151918
151932 151958
151962 151994
151996 152164
152166 152179
152182 152612
152668 152883
153649 153939
153986 154052
154385 154487
154517 154635
154656 154705
154723 154741
154757 154826
154834 154850
154867 154896
154904 154966
157066 157088
157326 157347
157476 157482
157630 157935
157940 157944
157962 157969
158234 158394
158395 158470
158492 158615
158616 158755
158800 158867
158958 159029
159111 159150
159420 159549
159721 159877
159968 160438
160459 160472
160536 160542
160550 160554
160570 160576
161167 161299
161889 161898
161908 161997
162139 162196
162223 162246
164089 164093
164103 164146
164186 164433
164434 164725
164780 164794
164804 164831
164833 165224
165316 165339
165349 165374
165424 165442
165486 165550
165650 165691
165898 166482
166493 166519
166588 166741
166746 166755
166769 166781
166787 166797
166987 166999
167007 167018
167115 167134
168552 168606
168628 168629
168846 168868
169187 169190
169193 169219
169245 169254
169320 169370
169395 169479
169816 170032
170037 170138
173162 173173
173177 173390
177282 177322
177461 177488
177670 177682
177710 177724
177738 177811
177816 177829
178001 178634
183309 183319
183341 183345
183357 183362
183372 183379
183395 183448 
186370 186383
186390 186395
186398 186410
190315 190473
196639 196667
196763 196764
196770 196799
197503 197513
197515 197516
197518 197521
197525 197538
197591 197603
197612 197618
197623 197647
197744 197856
198005 198011
198026 198033
199109 199177
199188 199195
199209 199217
199317 199331
199600 199602
199751 199813
199826 199842
202352 202387
206208 206224
206763 206804
206809 206831
208111 208166
208196 208244
208256 208304
208308 208365
208382 208391
208645 208650
208654 208655
208657 208781
208782 208905
208906 209065
209066 209096
209102 209103
209189 209444
209445 209630
215087 215119
215123 215151
215154 215155
215158 215158
215160 215161
215166 215202
215215 215302
215307 215387
215394 215400
215437 215609
216736 216741
220680 220685
223355 223430
223489 223521
223550 223642
223657 223672
223796 223957
223963 223966
223968 223976
223978 224025
224030 224163
224760 224771
224893 224903
224907 224910
224926 224929
224944 224955
224964 224965
224990 225005
225017 225024
225026 225026
226915 226948
226953 226993
226995 226998
227013 227020
227075 227089
227151 227160
227293 227521
227525 227710
227950 228006
228010 228012
228019 228119
