63595 63612
63664 63664
63666 63666
63757 63757
63759 63759
76867 76881
77806 77814
77937 77946
79286 79300
124713 124713
124718 124741
124743 124757
124758 124847
124949 124993
130131 130159
130167 130176
130182 130185
130259 130324
130396 130396
130398 130424
130425 130427
130463 130469
130478 130478
130570 130677
130733 130779
130782 130804
131036 131036
131238 131238
131240 131242
131247 131247
131250 131262
131264 131265
131267 131267
131269 131301
131303 131311
131313 131313
131316 131316
131323 131323
131571 131573
131575 131575
131588 131591
131594 131631
150532 150532
152852 152852
152930 152930
152953 152955
153397 153397
153402 153402
153404 153404
153406 153408
153435 153449
153477 153477
153492 153498
153500 153500
153542 153542
153544 153544
153546 153546
153553 153553
153558 153558
153560 153560
153562 153562
154190 154191

