19055 19079
19297 19431
20093 20235
20236 20301
20428 20522
20775 20930
22286 22452
25272 25291
25331 25565
25576 25705
25982 26138
38614 38748
38830 39192
39198 39497
39535 39646
39649 39652
45517 45582
79414 79744
80074 80130
87253 88147
88204 88224
88263 89310
89314 89327
125434 125531
126212 126677
126985 127137
127213 127411
127556 127594
127598 127824
127906 128121
128398 128400
128404 128412
128415 128424
128428 128467
128469 128513
128514 128519
128583 128588
128591 128599
128829 128840
128844 128848
128849 128926
129061 129180
129325 129354
129431 129435
129467 129479
129601 129605
129614 129635
129641 129643
129647 129647
129671 129676
129683 129687
129715 129744
129761 129774
129782 129789
129810 129829
130804 130830
141465 141551
141614 141624
141627 141630