16792 16878 sepia
17685 17732 sepia
17792 17987 sepia
18292 18323 sepia
18540 18585 sepia
18588 18629 sepia
18645 19228 sepia
19269 19558 sepia
21022 21300
44460 44501
66729 66786
66787 66907
76749 76756
76764 76779
76782 76787
76795 76933
76974 76994
77008 77016
77018 77042
77044 77053
77087 77098
77108 77131
77155 77175
77186 77206
77248 77509
77687 77711
77715 77736
83215 83219
83233 83233
83248 83279
83330 83417
100535 100628
100647 100680
100681 100762
100780 100818
100912 100962
101322 101349
101435 101453
101483 101546
101559 101591
101622 101635
101806 101895
101926 101988
102004 102023
102491 102544
102838 102853
102920 102953
103093 103119
103423 103450
103490 103574
103590 103603
103892 103959
104110 104210
104219 104220
104347 104382
104400 104444
107149 107165
107189 107190
107196 107197
107199 107527
107735 108010
109512 109649
109722 109856
110759 110785
111656 111695
111726 111759
111910 112013
112016 112178
113306 113306
113309 113416
113424 113424
113430 113434
113444 113456
113461 113461
113471 113476
113484 113496
113504 113625
113724 113727
113743 113750
113884 113953
115393 115569
116086 116400
117571 117721
118697 118777
118994 119049
119122 119601
119884 119980
120188 120211
121223 121267
121762 121822
121935 121992
122100 122143
122173 122205
122232 122240
122242 122244
122255 122256
122277 122402
122555 122588
122589 122697
122705 122729
122730 122811
122812 122869
122870 123043
123044 123118
123119 123169
123170 123192
123193 123224
123225 123242
123243 123328
123329 123378
123379 123437
123438 123455
123456 123464
123476 123493
123494 123604
123605 123646
124111 124139
124174 124285
124287 124458
124459 124468
124488 124505
124506 125143
125321 125390
125543 125668
125736 126066
126369 126441
126643 126709
126986 127036