35155 35333
35391 35528
35938 36316
36317 36640
36641 36744
36745 36774
36780 36790
36800 36809
36817 36888
36948 37182
37970 38362
38629 38795
39403 39692
39693 39904
40566 40833
40834 41087
41106 41116
41120 41212
41213 41546
41547 42031
42032 42072
42097 42108
42493 42536
42538 42594
42869 42942
43197 43269
44313 44325
44331 44337
44348 44368
44384 44566
44628 44733
44734 44803
44914 44919
44929 45473
45476 45688
45693 46415
47525 47814
47815 48360
48361 48642
90342 90487
90488 90723
90724 90782
90896 90930
90993 91128
91265 91273
91288 91290
91293 91303
91318 91356
91357 91631
91632 91713
96962 97154
105258 105477
105478 105894
105962 105991
106101 106253
106303 106352
106439 106511
106512 106669
106670 106743
106745 106745
135280 135750
136658 136698
136764 136772
136777 136791
136884 136919
136920 137186
137187 137322
138584 138805
