44599 44733
44791 44855
44899 44924
45179 45222
45735 45846
47659 47659
47663 47716
47933 47962
47965 47996
48080 48112
48178 48203
48245 48288
48323 48382
48496 48558
48654 48856
48857 48942
49036 49145
49299 49412
49489 49527
49658 49705
49706 49753
49802 49842
49883 49969
49970 50098
50272 50335
118410 118462
118654 118702
119157 119167
119168 119180
119188 119202
119221 119260
119384 119399
125813 125873
126250 126306
126373 126429
126430 126437
126463 126480
127804 127859
128264 128347
128403 128411
128506 128609
129086 129202
129396 129441
129506 129567
129727 129784
129974 129991
130057 130074
