2435 2448
2451 2517
2525 2534
2537 2760
2841 2846
2857 3088
3695 3776
3831 3867
3901 3933
4111 4178
4339 4489
4693 4710
4726 4737
5289 5318
5597 5611
6588 6614
6679 6742
6762 6831
7046 7063
7064 7094
7149 7456
7535 7553
7906 7906
7907 7914
7917 7921
7936 7937
8738 8816
8841 8866
8883 8904
10250 10423
10461 10484
10511 10545
10714 10775
10946 11076
14042 14182
14374 14384
14387 14393
14487 14531
14566 14597
14622 14723
14787 14868
14960 15016
15514 15541
15663 15676
15678 15703
16024 16046
16104 16233
16304 16381
16446 16563
16649 16723
66728 66785
66955 66964
67078 67107
67355 67376
67378 67380
67420 67427
67430 67437
67458 67501
69639 69649
69656 69665
69672 69680
69751 69752
69756 69762
69765 69782
69784 69794
69795 69837
69838 69944
69997 70031
70032 70037
70646 70660
71584 71595
71596 71597
71664 71673
71840 71840
71843 71863
71873 71880
71904 71971
73174 73316
74143 74161
74174 74245
75056 75149
75177 75228
75431 75570
75620 75805
76982 76986
76988 76998
78427 78513
79873 79951
83851 83859
84003 84020
84026 84028
85059 85066
85073 85080
85312 85328
85335 85364
85387 85393
85395 85398
85400 85402
85411 85416
85422 85448
85454 85466
85470 85478
85479 85483
85495 85508
85570 85577
85683 85685
85816 85819
85901 85901
86365 86377
86478 86485
86486 86494
86562 86562
86564 86588
87472 87509
87652 87689
87698 87771
88555 89072
89073 89210
102769 102778
104962 104978
104979 105023
105572 105584
105596 105624
109003 109014
109578 109622
109751 109764
110670 110671
110673 110698
110723 110727
110734 110741
110751 110816
111795 111860
111861 111924
111925 111962
111977 111984
111985 111992
112207 112306
112518 112566
112579 112655
112971 112987
113077 113096
113397 113405
113407 113468
114621 114702
114713 114723
114747 114766
114932 114947
115277 115311
115334 115344
115358 115364
115408 115439
115517 115534
115564 115588
115695 115757
115863 115935
116711 116715
116724 116736
124832 124920
124921 124968
124973 125008
125010 125024
125027 125191
125192 125270
125271 125289
125320 125333
125334 125556
125559 125564
125701 125740
125743 125747
125749 125758
125760 125760
125772 125784
125788 125812
125967 125995
126006 126007
126055 126087
126114 126137
126182 126219
126250 126306
126307 126337
126361 126372
126373 126429
126430 126435
126442 126480
126517 126549
126580 126638
126721 126845
126915 126937
127005 127045
127096 127127
127156 127186
127187 127219
127220 127248
127283 127318
127461 127506
127670 127709
127804 127816
127945 127968
127997 128037
128264 128410
129086 129173
129396 129441
129727 129784
129785 129809
129974 129991
130057 130060
130068 130078
130099 130154
130202 130212
130419 130461
130472 130561