6447 6485
24706 24723
37825 37920
62375 62522
62846 63144
69512 69553
69558 69720
70291 70295
70296 70296
70298 70329
70348 70555
70558 70591
77729 77778
77998 78159
78228 78413
78787 78820
78987 79056
79057 79618
79789 79843
79942 80108
80136 80260
80321 80371
80438 80542
80653 80727
80767 80817
80970 81009
81052 81164
81205 81256
103488 104114
104227 104454
111080 111243
111453 111611
119576 119865
120062 120108
120143 120185
120381 120540
120623 120846
120870 120970
121104 121290
121291 121491
121577 121611
121831 121836
121880 121934
121960 122439
122441 122442
122456 122525
122537 122581
123287 123381
123442 123476
123491 123491
123505 123505
123519 123528
123531 123532
123536 123536
123539 123539
123545 123546
123550 123550
123559 123569
