14171 16335
17151 22105
22106 22195
22249 22315
22372 22405
22466 22621
22713 22755
22812 22890
22894 22899
23599 23740
23812 24222
24223 25302
41852 42404
43763 43858
44876 45518
46711 46762
49301 49349
49428 49460
49544 49611
49674 49889
50023 50084
50222 50327
68835 68991
69674 69789
70427 70648
72904 73441
80204 80471
80472 80572
80573 80680
80825 80945
81264 82950 
83989 84297
84353 84370
84640 85529
85900 85933
85999 86084
86185 86975 
86976 87079
87080 87145
87146 87363
87364 87440
87441 87553
87554 87622
87623 87967
87968 88074
88075 88176
88177 88315
88316 88842
88843 88923
88924 89208
89209 89303
89304 89474
89475 89554
89555 89685
89686 89758
89759 90349
90350 90525
90526 90821
90822 91037
91038 91264
91265 91322
91323 91427
91428 92034
122186 122227
122272 122386
122607 122673
122832 122902
123074 123132
123303 123336
124485 124515
124629 124645
124749 125410
125477 125984
125985 126148
126186 126671
126672 126796
126797 126904
126905 126983
127030 127155
127198 127870
127973 128071
128227 128379
128717 128848
129601 129953
130010 130247
130685 130747
131617 131766
132565 132716
132717 133339
133340 133631
133632 137232
