9264 9297
9329 9415
9416 9454
9474 9484
9492 9500
9504 9508
9527 9547
9550 9553
9564 9596
9624 9656
9789 9825
9834 9842
9860 9882
9886 9908
9929 9948
9971 9997
10039 10072
10174 10250
10873 10922
10938 10990
10991 10997
11000 11109
11125 11261
11279 11308
11310 11333
11379 11409
11423 11447
11869 11881
11919 11928
11930 11934
11936 11960
11966 11967
11976 11979
11981 11994
12001 12160
12180 12323
12334 12355
12421 12432
12435 12446
12451 12461
12465 12515
12524 12575
12608 12622
12646 12707
12732 12758
12781 12876
12877 12961
13027 13038
13095 13269
13276 13290
13296 13332
13339 13461
13479 13668
13687 13696
13707 13724
13735 13754
13766 13781
13782 13822
13823 13866
13933 13948
13951 13962
13967 13980
14037 14128
14135 14234
14297 14369
14381 14391
14396 14462
14987 15068
15069 15178
15184 15186
15193 15250
15251 15373
15388 15415
15416 15537
15538 15581
15582 15596
15603 15633
15634 15727
15729 15797
15798 16440
16441 16545
16546 16590
16625 16646
16647 16652
16836 16847
16848 16978
16979 16995
16999 17165
17170 17184
17354 17356
17360 17423
17511 17525
17552 17556
17582 17646
17647 17733
17761 17794
17837 17841
17867 17886
17888 17923
17927 17940
17944 17955
18145 18237
18238 18328
18331 18348
18376 18383
18474 18479
18482 18485
18538 18563
18598 18618
18658 18732
18735 19145
19208 19267
19276 19289
19305 19314
19337 19356
19378 19379
19387 19388
19391 19399
19403 19537
19543 19553
19619 19630
19645 19670
19675 19679
19722 19827
19828 19893
19904 19938
19961 19993
20218 20603
20813 20964
20981 21000
21002 21067
21137 21305
21394 21417
21418 21451
21454 21774
21957 21960
21987 22125
22126 22292
22293 22340
22521 22524
22527 22527
22569 22578
22581 22592
22882 23516
23517 23633
23634 23764
23765 23928
23932 23969
23972 23976
24052 24076
24082 24103
24110 24126
24135 24168
24215 24225
24237 24253
24288 24354
24357 24380
24388 24407
24413 24431
24433 24478
24487 24512
24532 24566
24587 24623
24624 24653
24685 24690
24693 24699
24705 24731
24740 24819
24828 24912
24913 25059
25060 25098
25107 25116
25392 25445
25517 25604
25609 25613
25731 25810
25852 25878
26009 26033
26087 26135
26163 26180
26183 26206
26226 26337
26342 26386
26392 26401
26404 26408
26413 26416
26426 26432
26455 26462
26483 26523
26570 26579
26691 26735
26967 27021
27256 27272
27279 27295
27303 27320
27330 27341
27349 27358
27378 27795
27839 27856
28217 28272
28273 28593
28594 28629
28696 28709
28739 28768
28796 28839
28840 28887
28888 28908
28931 29026
29030 29086
29094 29116
29117 29189
29190 29288
29289 29344
29376 29471
29472 29532
29533 29557
29565 29578
29579 29709
29723 29747
29748 29864
29865 29902
29906 29937
29939 29946
29947 30016
30017 30057
30058 30097
30170 30277
30280 30305
30311 30481
30486 30490
30494 30533
30534 30616
30617 30685
30686 30712
30713 30760
30761 30836
30837 30860
30877 30923
30957 31024
31113 31212
31213 31239
31240 31291
31292 31536
31539 31556
31683 31813
31814 31817
31851 31858
31877 31964
31985 31999
32008 32013
32066 32121
32209 32267
32276 32403
32404 32484
32485 32544
32566 32580
32581 32644 
32664 32668
32673 32675
32729 32736
32745 32752
32781 32787
32791 32912
32920 33131
33135 33232
33236 33603
33617 33633
33640 34419
34501 34590
34672 34842
34845 34892
34893 34981
34982 35027
35074 35103
35120 35129
35135 35165
35167 35297
35305 35313
35315 35327
35329 35372
35463 35632
35648 35695
35732 35777
35782 35888
35889 36062
36063 36064
36103 36134
36139 36152
36153 36200
36201 36288
36289 36327
36335 36395
36396 36421
36422 36695
36704 36837
36841 36943
36944 36978
36986 37009
37053 37067
37084 37231
37331 37395
37414 37430
37632 37873
38144 38152
38718 38780
52069 52219
52229 52293
52304 52582
52583 52778
52847 52890
52963 53003
53061 53366
53856 54154
54155 55169
55322 57100 
57101 57720
57747 58081
58181 58188
58202 58258
58275 58308
58617 58696
58785 58974
59052 59386
59387 59782
60210 60408
60686 61131
61142 61171
61188 61880
61900 61970
61979 61983
62024 62312
62324 63052
63058 63203
63242 63308
63365 65041
65042 65627
65727 65872
66543 66551
66554 66649
66654 66755
66790 66808
66932 67059
67065 67075
67095 67336
67342 68203
68212 68244
68253 69701
69709 69710
69729 70368
70397 70414
70428 70437
70449 70732
70733 70739
70747 70786
70797 71534
71535 72253
72254 72404
72405 72675
72676 73427
73434 73446
73448 73890
73934 74044
74052 74198
74269 74458
74523 74555
74602 74631
74632 74678
74679 74738
74739 74755
74768 74778
74795 74890
74958 75017
75018 75180
75181 75204
75208 75265
75266 75346
75386 75656
75657 75736
75737 75762
75764 75770
75806 75955
75956 76014
76015 76064
76113 76119
76161 76166
76183 76209
76217 76224
76374 76462
76476 76489
76717 76877
76886 76946
76960 76968
76969 77141
77142 77171
77173 77231
77232 77313
77384 77427
77428 77433
77437 77509
77605 77821
77822 77884
78063 78073
78088 78139
78195 78208
78212 78217
78325 78349
78375 78526
78576 78666
78868 79091
79092 79203
79231 79308
79415 79533
79534 79644
79762 79818
79924 80013
80014 80089
80132 80196
80197 80256
80257 80360
80439 80498
80499 80504
80513 80558
80598 80688
80794 81019
81180 81758
81759 81822
81875 81881
81887 81968
81969 82175
82182 82202
82203 82211
82379 82420
82423 82432
82436 82439
82513 82525
82561 82590
82591 82701
82757 82941
82942 83007
83035 83183
83222 83238
83296 83676
83707 83750
83760 83854
83866 83877
83886 83907
83912 84462
84536 84577
84601 84646
84647 84683
84684 84703
84704 84833
84834 84891
84892 84938
84939 84977
85050 85094
85095 85134
85135 85215
85216 85319
85401 85507
85508 85606
85611 85857
85862 85870
85873 85898
85910 85924
86063 86121
86122 86153
86183 86186
86288 86393
86701 86743
86749 86773
86778 87330
87331 87388
87444 87470
87472 87503
87504 87610
87611 88223
89219 89243
89244 89308
89486 89616
90547 90832
91001 91255
91256 91466
91467 91781
92071 92564
92565 92579
92582 92643
92646 94135
106112 106273
106293 106335
106343 106369
106373 106381
106400 106404
106430 106437
106468 106698
106701 106849
106850 106912
106916 106967
106971 107055
107056 107065
107103 107151
107159 107172
107239 107279
107297 107657
107704 107857
107938 107954
107955 108115
108210 108232
108234 108266
108267 108354
108489 108605
108636 108703
108704 108909
108956 109003
109008 109015
109016 109141
109254 109378
109467 109626
111776 112023
112024 112093
112094 112362
112693 112712
112847 112856
112861 112869
112986 113274
113549 113647
113648 113669
113709 113734
113736 113785
113786 113799
113805 113830
113867 113876
113991 114062
114136 114179
114209 114213
114218 114219
114222 114228
114251 114319
114320 114416
114590 114605
114613 114624
114629 114637
114782 114861
114877 114910
115023 115285
115319 115409
115420 115426
115630 115647
115650 115662
115821 116069
116235 116292
116296 116821
116889 116973
116974 116979
116984 117071
117098 117103
117108 117122
117260 117267
117309 117386
117407 117413
117421 117425
117432 117442
117463 117658
117660 117938
118117 118119
118120 118342
118343 118358
118401 118831
118902 118935
119142 119239
119387 119461
119522 119526
119803 120010
120011 120538
120540 120648
120681 120690
120734 120755
120864 120919
121380 121460
121461 121674
121675 121747
121760 121798
121800 121800
121805 121838
121839 122052
122053 122175
122176 122373
122374 122462
122463 122628
122629 122756
122915 123024
123201 123288
123305 123313
123384 123532
123540 123640
123694 123726
123881 123965
123966 124093
124094 124251
124252 124326
124332 124380
124513 124606
124631 124701
124702 124743
124744 124808
124809 124882
124883 124930
125216 125254
125256 125265
125278 125291
125292 125420
125423 125550
125746 125781
125794 125801
125805 125838
125846 125849
126035 126060
126066 126084
126086 126099
126150 126186
126188 126202
126205 126219
126263 126295
126314 126360
126969 126982
127428 127481
127494 127583
127669 127675
128114 128262
128265 128327
132524 132610
132828 133022
133023 133163
133168 133227
133260 133287
133296 133299
133325 133433
133434 133599
133600 133753
133761 133785
133812 133840
133952 134024
134025 134260
134261 134455
134456 134479
134482 134511
134565 134571
134576 134585
134629 134739
134768 134965
134966 135296
135415 136001
137322 137373
137374 137555
137616 138631
138632 138719
138995 139170
139171 139300
139389 139506
139507 139603
139604 139614
139624 139682
139683 139759
139760 139787
139789 139808
139809 139912
139913 140122
140170 140223
140244 140248
140285 140293
140301 140759
140760 140832
140833 141144
141145 141373
141374 141449
141514 141617
141692 141808
141809 141891
141892 142051
142052 142476
142477 142575
142621 142773
143023 143254
143321 143662
143663 143723
143724 143822
143823 143835
144042 144052
144115 144158
144162 144165
144166 144205
144206 144278
144279 144353
144354 144398
144399 144466
144582 144744
144745 144804
144805 145444
145939 146063
146064 146813
146909 147291
147808 148259
148260 148614
148656 148673
148676 149031
149032 149205
149210 149226
149236 149301
149892 149980
149992 149997
150012 150012
150013 150042
150050 150062
150066 150073
150079 150089
150167 150326
150529 150557
150575 150586
150589 150595
150629 150885
150914 150917
150929 150995
150996 151011
151019 151066
151076 151378
151433 151451
151456 151873
151879 151944
151979 152949
152962 152964
153077 153315
153316 153520
153521 155061
155062 155174
155175 155388
155389 155504
155505 155759
155941 156199
156200 156457
156458 156653
156654 156787
156788 157003
157066 157629
157647 157969
157970 158021
158234 158394
158395 158615
158616 158799
158800 158868
158958 159029
159107 159419
159420 159549
159551 159604
159605 159651
159652 159713
159714 159877
159878 159967
160392 160535
160536 160579
160761 160866
160892 160934
161300 162341
162342 162457
162458 162608
162609 162939
162940 163107
163108 163267
163435 164433
164434 165761
165762 165849
165898 166543
166544 167460
167891 167908
167911 167913
167975 168049
168050 168126
168127 168299
168300 168455
168491 168536
168892 168900
168916 168943
168995 169045
169049 169066
169070 169116
169145 169216
169320 170193
170198 170233
170234 171237
171238 171445
171446 172038
172448 172612
172623 172684
172736 172750
172942 173092
173165 173390
173391 173514
173761 174732
174733 174904
174905 175723
175724 177082
177083 177217
177662 177829
178001 178634
178940 179666
181635 181924
182353 182493
182661 182822
182823 183201
183309 183447
183467 183542
183551 183574
183577 183590
183594 183596
183601 183604
183615 183708
183713 183741
183770 183897
183898 184096
184147 184214
184441 184533
184536 184834
184904 184987
184988 185196
185197 185306
185317 185327
185338 185343
185345 185354
185361 185382
185387 185661
185708 185766
185882 186093
186245 186253
186338 186369
186370 186560
186574 187098
187243 187279
187281 187285
187286 187731
187732 187977
188098 188347
188348 188441
188442 188543
188544 188693
188694 189351
189501 189925
189926 189987
189988 190131
190315 190482
190532 190623
190690 190881
190882 190967
191025 191112
191128 191220
191221 191292
191293 191384
191530 191594
191641 191660
191693 191730
191731 191807
191808 191938
191939 192015
192079 192087
192199 192284
192310 192356
192521 192551
192558 192574
192576 192648
192652 192745
192766 192860
192861 192927
192943 193032
193033 193122
193126 193128
193157 193178
193190 193316
193356 193485
193489 193564
193571 193682
193695 193747
193770 193856
193866 193872
193880 193885
193891 194035
194047 194121
194128 194137
194165 194258
194262 194356
194371 194385
194386 194414
194646 194692
194819 194873
194878 194885
194914 194918
194919 194973
195035 195207
195217 195231
195326 195403
195404 195419
195521 195550
195559 195592
195623 195893
196212 196248
196313 196487
196488 196605
196606 196606
196609 196667
196678 196683
196692 196750
196751 196754
196760 196801
196802 196878
196879 196923
196928 196952
196982 197007
197008 197094
197095 197106
197118 197163
197174 197213
197224 197226
197368 197450
197451 197570
197580 197583
197587 197743
197744 197856
197887 197895
197896 197966
198026 198047
198058 198084
198121 198144
198145 198177
198178 198204
198231 198264
198265 198288
198289 198307
198356 198396
198397 198401
198439 198538
198548 198570
198584 198760
198766 198837
198838 198890
198891 198999
199000 199067
199068 199109
199110 199314
199406 199482
199483 199603
199604 199684
199685 199734
199737 199750
199751 199825
199826 199904
199905 199998
199999 200069
200070 200181
200191 200259
200272 200375
200376 200422
200423 200460
200461 200504
200505 200641
200642 200692
200693 200787
200788 200847
200897 200959
200996 201005
201035 201089
201090 201125
201126 201288
201391 201487
201488 201500
201518 201564
201597 201632
201637 201739
201740 201813
201814 201960
201961 202020
202021 202045
202099 202186
202198 202223
202330 202334
202347 202351
202352 202414
202415 202440
202497 202703
202707 202713
202721 202723
202724 202816
202817 202908
202909 203134
203135 203169
203170 203203
203208 203242
203247 203400
203401 203458
203549 203609
203610 204350
204351 204714
204727 204973
204977 205274
205291 205367
205420 205489
205490 205520
205528 205587
205588 205694
205698 205712
205715 205722
205735 205829
205830 205965
206404 206512
206513 206556
206557 206595
206596 206763
206764 206831
206832 206992
206993 207078
207079 207090
207095 207106
207117 207152
207153 207225
207226 207266
207267 207347
207652 207714
207780 207792
207829 207866
207989 208110
208286 208308
208392 208395
208547 208575
209631 209777
209778 209954
209960 209965
209984 209993
210123 210393
210394 210645
210646 210754
210755 210762
210798 211331
211524 211774
211796 211859
211952 211973
211987 211996
211999 212034
212290 212332
212367 212461
212462 212477
212480 212482
212504 212530
212546 212587
212590 212598
212612 212638
212673 212702
212710 212728
212734 212739
212743 212748
212905 212952
213093 213197
213273 213388
213411 213533
213566 213573
213574 213693
213694 213794
213795 213922
213998 214103
214104 214119
214130 214691
214692 215009
215012 215018
215032 215043
215044 215076
215089 215203
215216 215223
215228 215239
215246 215255
215266 215607
215872 215911
215912 215965
216009 216069
216070 216115
216116 216206
216207 216253
216266 216284
216293 216297
216326 216422
216423 216434
216438 216777
216802 216846
216864 216873
216880 216988
216989 217039
217052 217090
217094 217102
217118 217126
217142 217145
217170 217186
217187 217209
217707 217767
217821 217844
217857 217860
217863 217864
217875 217910
217975 218041
218056 218059
218062 218097
218148 218155
218162 218169 
218180 218195
218198 218213
218216 218226
218740 218745
219168 219249
219251 219366
219435 219571
219684 219703
219716 219731
219742 219779
219797 219810
219818 219842
219846 219927
219928 219975
220061 220111
220134 220212
220679 220763
220923 221001
221003 221055
221059 221088
221089 221131
221221 221301
221302 221370
221379 221394
221395 221422
221427 221467
221468 221480
221488 221525
221531 221547
221548 221587
221735 221817
221851 222024
222025 222105
222177 222287
222288 222426
222427 222511
222512 222591
222592 222774
222775 222906
222907 223035
223247 223354
223355 223652
223702 223724
223734 223740
223744 223795
223796 223957
223958 224191
224192 224551
224572 224597
224758 225075
225076 225107
225395 226088
226700 226766
226796 226847
226866 226913
226915 227036
227042 227118
227123 227126
227190 227781
227782 227949
227950 228102
