9531 9531
9533 9533
9535 9535
9538 9538
9542 9542
9545 9545
9547 9547
9566 9566
9568 9568
9578 9578
9582 9582
9584 9584
9612 9612
9617 9617
9619 9619
9624 9624
9628 9628
9637 9637
9646 9646
9648 9648
9656 9656
9731 9732
9737 9737
9812 9813
9839 9839
9860 9895
9902 9911
9929 9939
9948 9950
9953 9960
10606 10606
10608 10608
10610 10616
10620 10621
10655 10655
10659 10659
10661 10662
10777 10777
10783 10783
10808 10808
10810 10811
10817 10872
11158 11184
11188 11193
12169 12170
12172 12173
12177 12180
12183 12183
12186 12186
12194 12194
12197 12197
12201 12201
12206 12206
12217 12217
12220 12220
12223 12223
12233 12233
12251 12251
12255 12255
12259 12260
12276 12276
12305 12305
12307 12307
12310 12310
12313 12313
12316 12316
12318 12318
12322 12322
12339 12339
12342 12342
12346 12346
12350 12350
12354 12354
12357 12357
12379 12379
12407 12407
12410 12410
12434 12434
12838 12838
12840 12840
12855 12855
12857 12857
12878 12878
12886 12886
12894 12894
12899 12899
12907 12907
12920 12920
12927 12927
12935 12935
12940 12940
12951 12951
12959 12959
13813 13822
13823 13867
14266 14524
14878 14914
15010 15012
15022 15027
15033 15035
15706 15724
15731 15734
15761 15772
15776 15797
16548 16584
16605 16607
16609 16609
16615 16641
17090 17091
17095 17098
18306 18306
18965 18965
19236 19236
19239 19239
19292 19293
19299 19299
19320 19320
19323 19323
19364 19364
19375 19375
19387 19387
19392 19392
19402 19402
19416 19416
19440 19440
19501 19501
19515 19515
19531 19531
19672 19672
19682 19682
19694 19694
19707 19707
19711 19711
19715 19715
19728 19728
19731 19731
19735 19735
19738 19738
19741 19741
19755 19755
19760 19760
19769 19769
19771 19771
19788 19788
19791 19791
19794 19794
19797 19797
19812 19812
19816 19816
19819 19819
19824 19824
19890 19890
19903 19903
19905 19906
19909 19909
19917 19917
20276 20276
20409 20409
21409 21411
24294 24294
24306 24306
24350 24350
24361 24361
24451 24451
24456 24456
24461 24461
24626 24649
25392 25448
25450 25456
25458 25459
26027 26028
27487 27487
27493 27494
27496 27496
28232 28233
28244 28244
28251 28251
28913 28913
28917 28917
28924 28925
28944 28944
28998 28998
29302 29302
29317 29317
29334 29334
29722 29722
29724 29724
29729 29729
29731 29731
29733 29733
29737 29737
29763 29763
29994 29994
30002 30002
30764 30765
30770 30771
30776 30776
30781 30781
30783 30783
30796 30797
30803 30803
30805 30805
30810 30810
30823 30823
30831 30831
30833 30833
31241 31241
31243 31243
31346 31346
31878 31878
31900 31900
31902 31902
31945 31946
32112 32112
32116 32116
32490 32490
32508 32508
32511 32511
32528 32528
32551 32551
32580 32580
32644 32684
32691 32751
32755 32831
32834 32886
32903 32907
32911 32922
32937 32941
32946 32947
32959 33029
33039 33106
33115 33131
33954 33954
33976 33976
34136 34136
34137 34137
34143 34143
34147 34147
34157 34164
34173 34183
34200 34203
34209 34293
34332 34347
34352 34360
34362 34362
34365 34373
34375 34378
34387 34393
34403 34406
34410 34410
34451 34500
34501 34547
34551 34588
34590 34590
34591 34671
34681 34681
34736 34736
34816 34816
34894 34894
34896 34896
34898 34898
34913 34913
34918 34918
34920 34920
34922 34922
34927 34927
34935 34935
34943 34943
34953 34953
34956 34956
34958 34958
35319 35319
35521 35636
35729 35747
35758 35780
35846 35858
35861 35879
35906 35914
35918 35921
35965 36027
36063 36079
36084 36152
36153 36200
36201 36288
36328 36395
36422 36699
36841 36920
36966 36966
36980 36980
37083 37083
69306 69315
69343 69343
71535 71591
71617 71621
71623 71624
71694 71705
71710 71717
71724 71757
71775 71835
71837 71872
71968 71969
71980 71988
71994 72013
72018 72096
72100 72173
72179 72247
72676 72758
72761 72777
72780 72794
72796 72807
72817 72819
74072 74073
74087 74098
74114 74118
74632 74678
75266 75346
80183 80183
80920 81019
81059 81074
81122 81179
81189 81229
81245 81265
81280 81295
81344 81559
81563 81563
81585 81590
82771 82771
82775 82775
84601 84607
84609 84615
84618 84646
85247 85265
85268 85270
89486 89616
92565 92632
92637 92646
92658 92665
92678 92696
93478 93479
93485 93487
93500 93500
93577 93578
93585 93585
93626 93626
93629 93629
93633 93634
93637 93637
93646 93646
93651 93652
93656 93658
93677 93678
93704 93704
93710 93713
93718 93726
93728 93741
93755 93756
93763 93767
93774 93774
93780 93796
93798 93800
93803 93809
93815 93815
93834 93845
93848 93895
93914 93915
94003 94052
94105 94135
94136 94229
94251 94271
94272 94573
94574 95080
95081 95263
95264 95488
98607 98717
98791 99012
99140 99394
99395 99634
99838 100260
100473 100476
100499 100500
100555 100593
102014 102365
102366 102442
102498 102528
102538 102557
102700 103050
103126 103154
103288 103315
103329 103334
103438 103522
103551 103580
104067 104087
104910 104938
105002 105002
105008 105042
105198 105341
108220 108233
109078 109096
115283 115304
115515 115515
115546 115550
125296 125296
125298 125298
125300 125300
126413 126422
126533 126533
126536 126536
126539 126539
126675 126675
126678 126678
126681 126681
126684 126684
126697 126697
126699 126699
126702 126702
126710 126710
126713 126713
126716 126716
126718 126718
126726 126726
126729 126729
126843 126844
126929 126929
126934 126934
126936 126936
126961 126961
126966 126966
126969 126969
126971 126971
126993 126993
126998 126998
127001 127001
127003 127003
151376 151695
151732 151732
151890 151926
152004 152044
152046 152167
152170 152182
152215 152245
152252 152270
152325 152325
152341 152341
153370 153520
153521 154074
154123 154142
154153 154163
154179 154194
155061 155064
155088 155089
155093 155096
155392 155411
155483 155492
156655 156719
156727 156764
156768 156787
157066 157080
157084 157086
157126 157127
157145 157167
157173 157175
157180 157271
157283 157365
157378 157390
157396 157406
157413 157530
157532 157578
157580 157629
158234 158384
158388 158394
158800 158867
158958 159029
159107 159219
159232 159263
159271 159339
159344 159419
159878 159967
160536 160579
160593 160597
160708 160709
160725 160726
160728 160729
160735 160739
160761 160812
161911 161961
162005 162341
164172 164196
164207 164433
164434 164775
164791 164801
165492 165508
165510 165516
165529 165534
165850 165897
165898 166408
166524 166543
166548 166592
166621 166684
166706 166759
166790 166894
166907 166987
167026 167077
167080 167101
167126 167150
169248 169266
169320 169422
169713 169722
169736 169738
169780 169782
169799 169874
169881 170178
170185 170233
170291 170337
170382 170441
170454 170454
170456 170456
170458 170467
170484 170486
170488 170497
170598 170600
170609 170610
170715 170765
170810 170814
170817 171237
171238 171330
171348 171361
171383 171434
171446 172038
172941 173085
173144 173237
173254 173259
173269 173391
173712 173830
177830 178000
178001 178471
178480 178499
178516 178518
178525 178634
178635 178939
179667 179953
180251 180253
180257 180271
181018 181022
181025 181048
181058 181065
181074 181076
181508 181522
181528 181530
181535 181555
181560 181566
181575 181580
181583 181584
181596 181597
181626 181634
181931 181931
181935 181942
181966 181979
181988 181998
182008 182013
182017 182026
182033 182039
182047 182085
182095 182097
182115 182119
182124 182126
182132 182160
182164 182171
182176 182179
182183 182183
182191 182194
182208 182209
182223 182224
182231 182250
182260 182267
182277 182298
182300 182330
182333 182352
182661 182822
183209 183308
183309 183385
183389 183408
183411 183417
183564 183565
183569 183569
183572 183574
183577 183580
183598 183610
183636 183646
183650 183675
183689 183706
183711 183737
184146 184160
184165 184183
184437 184442
184451 184462
184506 184545
184549 184705
184707 184708
185197 185239
185245 185259
185310 185575
185576 185597
185614 185623
185625 185628
185711 185714
186896 186953
188353 188365
188367 188376
188382 188390
188399 188441
188544 188550
188555 188573
188575 188586
188588 188596
188603 188605
188609 188611
188616 188617
188626 188626
188629 188629
188633 188639
188646 188653
188656 188658
188660 188677
188680 188693
190690 190881
191650 191651
191694 191694
191697 191697
191739 191739
191742 191742
191745 191745
191748 191748
191751 191751
191754 191754
191757 191757
191760 191760
191763 191763
191768 191768
191771 191771
191779 191779
191782 191782
191785 191785
191788 191788
191799 191799
191807 191807
191815 191815
191820 191820
191824 191824
191829 191829
191833 191833
191836 191836
191839 191839
191887 191887
191894 191894
191896 191896
191899 191899
191903 191904
191906 191906
191908 191908
191910 191910
191920 191920
191922 191922
192088 192186
192199 192380
192709 192712
192716 192765
192779 192779
192789 192789
192813 192813
192817 192817
192941 192946
192950 193032
193048 193048
193050 193050
193231 193231
193848 193855
193861 193871
193877 193981
193985 194095
194163 194258
194301 194301
194305 194305
194316 194316
194322 194322
194327 194327
194352 194352
194380 194380
194396 194398
194404 194412
194426 194426
194429 194430
194432 194434
194938 194940
195035 195062
195068 195206
195328 195403
195605 195605
195610 195610
195895 195895
195901 195902
195907 195909
195913 195913
195921 196248
196249 196312
196324 196324
196362 196416
196420 196480
196606 196667
196751 196801
196802 196878
197008 197094
197095 197117
197162 197166
197174 197182
197406 197406
197446 197446
197448 197448
197744 197856
197896 197907
197909 198011
198047 198052
198058 198070
198149 198149
198154 198154
198159 198159
198164 198164
198168 198168
198232 198232
198239 198241
198247 198247
198250 198250
198253 198253
198260 198260
198268 198268
198278 198278
198283 198283
198288 198288
198359 198359
198364 198364
198418 198418
198426 198426
198437 198437
198852 198852
198856 198856
198858 198863
198868 198875
198882 198886
198920 198922
198924 198924
198937 198939
198941 198941
198948 198948
198957 198957
198965 198965
198974 198974
199036 199044
199047 199059
199078 199078
199080 199081
199091 199092
199096 199098
199109 199109
199117 199119
199298 199299
199302 199313
199378 199445
199556 199563
199565 199565
199568 199570
199604 199659
199668 199682
199685 199750
199826 199904
199906 199907
199909 199909
199911 199911
199914 199914
199923 199923
199925 199932
199934 199934
199945 199945
199947 199947
199951 199952
199954 199969
199971 199971
200286 200295
200298 200303
201497 201517
201592 201626
201787 201787
201814 201876
201878 201956
201967 201967
201973 201973
201981 201993
202400 202400
202410 202410
202412 202412
202414 202414
202426 202426
202440 202445
202448 202473
202497 202500
202504 202535
202570 202585
202588 202597
202603 202607
202652 202677
202727 202727
202739 202739
202748 202748
202758 202758
202779 202779
202791 202791
203590 203594
203596 203609
204358 204358
204406 204406
204941 204941
204948 204948
204954 204954
205618 205618
205623 205623
205636 205636
205641 205641
205649 205649
205654 205654
205665 205665
206505 206512
206514 206514
206529 206534
206537 206537
206552 206552
206554 206554
206565 206569
206599 206605
206607 206607
206770 206770
206791 206791
206866 206866
206887 206887
207053 207053
207267 207347
207348 207386
209631 209664
209678 209707
209713 209747
209766 209777
209778 210081
210083 210122
211332 211430
211453 211523
211524 211859
211861 211884
211971 211986
212284 212296
212298 212337
212387 212387
212389 212391
212406 212461
212463 212485
212502 212503
212570 212585
212598 212601
212612 212638
212676 212676
212683 212685
212687 212699
212706 212707
212723 212727
212817 212819
212836 212836
212899 212950
212958 212971
213293 213293
213648 213693
213712 213726
213728 213748
213751 213777
213795 213818
213825 213860
213870 213922
213930 213930
213940 213944
213950 213963
213967 213968
213970 213971
213973 213977
213980 213984
214020 214020
214077 214077
214082 214082
214086 214086
214104 214115
214121 214216
214233 214235
214243 214255
214273 214284
214288 214310
214319 214333
214349 214368
214374 214382
214439 214618
214639 214644
214653 214691
214728 214728
215157 215173
215191 215200
215376 215376
215379 215379
215402 215402
215428 215428
215456 215456
215458 215458
215460 215460
215470 215470
215509 215509
215872 215911
215912 215965
216009 216069
216070 216115
216219 216225
216227 216232
216262 216265
216326 216422
216956 216959
216969 216988
217010 217010
217012 217012
217032 217032
217034 217034
217036 217036
217049 217090
217170 217186
217187 217209
217715 217716
217975 217985
217988 217999
218004 218031
218044 218059
218098 218121
218128 218226
218367 218368
219111 219112
219135 219135
219140 219141
219170 219188
219224 219224
219245 219247
219344 219344
219349 219359
219364 219366
219462 219462
219527 219527
219546 219546
219684 219688
219789 219789
219803 219808
219810 219833
219835 219842
220095 220095
220269 220325
220668 220668
220671 220671
220676 220763
220764 220922
220923 221001
221002 221053
221064 221088
221089 221131
221132 221133
221135 221206
221207 221301
221302 221394
221414 221414
221468 221547
221588 221604
221735 221827
221828 221905
221925 221985
221995 222010
222022 222024
222025 222044
222046 222105
222129 222176
222177 222193
222236 222287
222288 222350
222355 222355
222357 222372
222427 222511
222655 222655
223012 223017
223022 223246
223247 223354
223358 223365
223368 223378
223384 223387
223398 223406
223411 223423
223431 223458
223463 223505
223509 223511
223518 223528
223537 223542
223554 223558
223572 223576
223580 223584
223592 223597
223609 223611
223620 223623
223629 223631
223637 223640
223695 223703
223711 223713
223739 223741
223744 223754
223759 223762
223765 223770
223774 223778
223781 223786
223788 223789
223796 223957
224198 224204
224210 224230
224237 224300
224307 224309
224312 224319
224324 224363
224366 224367
224370 224424
224555 224615
224758 225075
225935 225974
225977 225983
225993 225994
226000 226044
226050 226050
226053 226064
226068 226098
226270 226310
226360 226430
226509 226914
226915 227034
227950 227968
227973 227985
227995 228055
228069 228077
228081 228081
228094 228119
