2505 2507
2509 2544
2548 2579
2591 2591
2595 2595
7014 7033
7064 7094
7095 7105
7108 7131
7132 7148
7149 7161
7162 7187
7188 7247
7248 7297
7298 7329
7330 7353
7354 7401
7402 7434
7435 7451
7452 7499
7500 7508
7509 7512
7513 7524
7525 7534
7535 7553
7554 7582
7583 7598
7599 7607
7620 7630
7631 7662
7663 7710
7711 7827
7828 7854
7855 7877
7878 7893
7894 7896
7897 7901
7902 7906
7907 7914
7925 7935
26162 26397
26493 26550
26675 26781
35447 35521
35602 35642
35643 35835
35836 35901
35902 35953
35954 35980
36042 36150
36234 36306
36382 36443
75431 75563
75569 75570
75620 75805
76364 76458
76468 76479
78946 78979
78979 79119
79120 79166
79172 79226
79266 79307
79342 79359
79424 79468
79683 79793
86593 86615
86616 86638
86639 86663
86664 86669
86670 86680
86681 86710
86711 86725
86726 86768
86769 86800
86801 86848
86849 86875
86895 86936
89073 89107
89111 89111
89126 89126
89141 89141
89165 89174
104894 104949
104950 104978
104979 105023
105024 105051
105052 105100
105101 105123
105124 105132
105133 105153
105154 105194
105195 105212
105213 105241
105242 105273
105274 105318
105319 105335
105336 105343
105344 105348
105349 105352
105353 105357
105358 105362
105363 105370
105371 105376
105387 105408
105434 105479
109096 109226
109254 109258
109432 109563
109564 109779
109805 109837
109959 109999
110118 110152
110155 110669
112895 112969
113069 113098
113099 113108
113161 113202
113269 113294
113345 113361
133428 133467
133534 133577
133578 133592
133691 133721
133745 133810
133948 133991
134035 134063
134122 134158
134198 134216
134237 134281
134284 134291
134293 134403
134468 134468
134470 134470
134472 134473
134475 134475
134478 134479
134481 134483
134485 134492
134495 134495
134497 134503
134506 134516
134806 134878
135252 135302
135303 135365
135366 135418
135419 135475
135476 135525
135588 135678
135679 135775
135979 136057
136058 136094
136250 136398
136399 136863