5054 5249
5255 5263
5275 5290
5337 5372
5377 5386
5389 5395
35130 35333
35391 35403
35413 35528
35938 36316
36317 36640
36641 36744
36745 36774
36780 36790
36800 36809
36817 36888
36949 37182
37970 38362
38629 38795
39403 39692
39693 39904
40566 40833
40834 41087
41106 41116
41120 41212
41213 41546
41547 42031
42032 42072
42097 42108
42493 42536
42538 42594
42869 42942
43197 43269
44313 44325
44331 44337
44348 44368
44384 44566
44628 44733
44734 44803
44914 44919
44929 45473
45476 45688
45693 46415
47525 47814
47815 48360
48361 48642
58665 59485
59493 59841
59842 59934
59935 60253
60254 60674
60675 61642
66726 66786
66809 66907
68376 68559
68566 68772
68779 68794
68801 68815
68821 68835
68844 68851
69000 69122
69123 69374
69375 70098
70161 70261
70262 70489
70492 70611
70612 70634
70635 70848
71048 71070
71174 71462
71480 71604
71605 71630
71631 71650
71728 71823
71863 72101
72191 72263
72326 72376
72678 72753
73009 73511
73737 74316
74551 74986
74987 75894
75895 76004
76036 76253
76254 76266
76269 76276
76294 76319
76328 76462
76473 76503
76512 76556
76624 76743
76748 76788
76875 77010
78476 78480
78486 78619
78620 78654
78655 78762
78763 78996
78997 79076
79077 79163
79182 79219
79223 79228
79231 79238
79333 79416
79476 79534
79575 79753
79826 79880
79881 80002
80044 80106
80162 80277
80281 80312
80335 80648
80693 81058
81059 81255
81289 81462
81915 82160
82161 82337
82480 82909
82910 82982
82987 82993
83014 83042
83048 83056
83059 83067
83111 83118
83125 83133
83157 83170
83698 83765
83780 83791
83797 83808
83818 83988
84045 84049
84144 84423
84490 85202
85385 85496
85530 85613
85622 85627
85846 85900
86000 86015
86024 86034
86059 86101
86348 86392
86393 86534
86680 86703
86714 86779
86805 86826
86838 87130
87146 87458
87470 87501
87561 87574
87575 87654
87655 87913
87920 87982
88043 88058
88076 88084
88093 88119
88175 88590
88750 89225
89226 89577
89868 89980
90039 90070
90186 90292
90293 90336
90342 90487
90488 90723
90724 90782
90856 90930
90931 90992
90993 91128
91129 91317
91318 91356
91357 91631
91632 91713
91714 92095
92484 92592
93029 93228
94281 95038
95040 95062
95066 95130
95402 95821
96110 96217
96476 96837
96838 96860
96962 97550
98462 98924
98925 99012
99013 100112
100153 100207
100208 100278
100279 100513
100568 100571
100577 100680
100833 100911
100963 101189
101190 101321
101350 101368
101369 101434
101636 101805
102077 102077
102081 102082
102085 102085
102088 102089
102091 102092
102371 102372
102382 102385
102387 102440
102464 102494
102516 102643
102644 102837
102854 102919
102954 103092
103159 103170
103171 103228
103229 103422
103451 103489
103604 103688
103710 103891
103960 104081
104221 104346
104383 104399
104400 104419
104426 104450
105250 105477
105594 105894
105962 106024
106038 106077
106105 106243
106512 106563
106692 106827
108215 108229
108283 108305
108341 108382
108405 108413
108416 108447
108449 108453
108568 108612
109139 109535
109538 109546
111656 111695
111726 111759
111760 111771
111781 111832
114737 114796
114806 114886
114886 114938
115021 115089
115099 115115
115129 115266
115295 115322
115327 115392
115510 115569
116086 116400
117457 117480
117543 117557
117568 117570
117571 117721
117747 118033
118034 118249
118414 118696
118697 118777
118778 118993
118994 119049
119050 119121
119122 119601
119602 119686
119687 119810
119851 119883
119884 120002
120092 120187
120313 120374
120498 120528
120540 120561
120638 120651
120661 120681
120690 120701
120788 120822
120832 120842
120871 121083
121106 121274
121276 121294
121298 121319
121320 121383
121550 121619
121661 121701
121727 121761
121762 121822
122100 122143
122144 122172
122173 122216
122232 122276
122277 122402
122403 122472
122477 122527
122529 122554
122573 122588
122589 122697
122698 122716
122718 122729
122742 122768
122775 122811
122812 122862
122870 122912
122936 122948
122950 122970
122984 123021
123023 123033
123036 123043
123044 123118
123119 123138
123150 123169
123170 123192
123243 123251
123257 123328
123342 123378
123379 123437
123438 123455
123456 123462
123494 123604
123629 123848
123848 123952
123953 124029
124030 124096
124140 124173
124286 124458
124459 124468
124488 124505
124506 125143
125177 125320
125321 125390
125543 125668
125736 126004
126050 126089
126090 126363
126442 126642
126807 126985
127037 127080
127164 127304
127397 127451
127452 127510
127747 127834
128157 128207
128751 128805
129383 129416
129613 129630
130060 130182
130240 130250
130260 130393
130414 130432
131423 131634
131635 131704
132086 132393
132550 132674
132675 132791
132814 133078
133168 133322
134129 135009
135280 135750
136658 136698
136764 136772
136777 136791
136884 136919
136920 137186
137187 137322
138584 138819
139165 139230
139827 140131
140593 140876
141939 142163

